Material: 316 Stainless Steel
Tension Test Strain Rate: 0.001/s
Gauge Length (postn): Lo = 50.80 mm
Initial Diamter: Do = 6.35 mm
Disp.(mm)	Force(kN)
0.000000e+000	0.000000e+000
1.394500e-002	8.855470e-001
2.228500e-002	1.816406e+000
3.636700e-002	2.731445e+000
5.072200e-002	3.571680e+000
6.193300e-002	4.414258e+000
7.451100e-002	5.214648e+000
8.490200e-002	6.022266e+000
9.789000e-002	6.778711e+000
1.048630e-001	7.388672e+000
1.238670e-001	7.890430e+000
1.401360e-001	8.237109e+000
1.517570e-001	8.420117e+000
1.683000e-001	8.482617e+000
1.786910e-001	8.469531e+000
1.923630e-001	8.468164e+000
2.056250e-001	8.462891e+000
2.160150e-001	8.466211e+000
2.255850e-001	8.480273e+000
2.452730e-001	8.493750e+000
2.590820e-001	8.502148e+000
2.685150e-001	8.528711e+000
2.810930e-001	8.540430e+000
2.959960e-001	8.579102e+000
3.051560e-001	8.606055e+000
3.207420e-001	8.628906e+000
3.293550e-001	8.655273e+000
3.443940e-001	8.690039e+000
3.597070e-001	8.706250e+000
3.733780e-001	8.731445e+000
3.818550e-001	8.754102e+000
3.960740e-001	8.789453e+000
4.108390e-001	8.821680e+000
4.190420e-001	8.840625e+000
4.310740e-001	8.874219e+000
4.432420e-001	8.898047e+000
4.618350e-001	8.925000e+000
4.723630e-001	8.954297e+000
4.879490e-001	8.973047e+000
4.986130e-001	9.004883e+000
5.092770e-001	9.028320e+000
5.215820e-001	9.058203e+000
5.342960e-001	9.082813e+000
5.475580e-001	9.098242e+000
5.576750e-001	9.127539e+000
5.755850e-001	9.153711e+000
5.887100e-001	9.179297e+000
5.939060e-001	9.201562e+000
6.097650e-001	9.231836e+000
6.254880e-001	9.263672e+000
6.380660e-001	9.284766e+000
6.487300e-001	9.309766e+000
6.617180e-001	9.334180e+000
6.712890e-001	9.351758e+000
6.875580e-001	9.372656e+000
6.979490e-001	9.401953e+000
7.087500e-001	9.428516e+000
7.205070e-001	9.459375e+000
7.336320e-001	9.486328e+000
7.466210e-001	9.510156e+000
7.590620e-001	9.533594e+000
7.766990e-001	9.543945e+000
7.872260e-001	9.569922e+000
7.981640e-001	9.591406e+000
8.086910e-001	9.617969e+000
8.219530e-001	9.641406e+000
8.376750e-001	9.658984e+000
8.491600e-001	9.682617e+000
8.640620e-001	9.708984e+000
8.756830e-001	9.733008e+000
8.904490e-001	9.755859e+000
8.987890e-001	9.774023e+000
9.105460e-001	9.793945e+000
9.251750e-001	9.827148e+000
9.400780e-001	9.852734e+000
9.510150e-001	9.864453e+000
9.612690e-001	9.880664e+000
9.793160e-001	9.899414e+000
9.917570e-001	9.918359e+000
1.004746e+000	9.939063e+000
1.015683e+000	9.965625e+000
1.026074e+000	9.993945e+000
1.038515e+000	1.001523e+001
1.051914e+000	1.003711e+001
1.065175e+000	1.005234e+001
1.078027e+000	1.007305e+001
1.091835e+000	1.008340e+001
1.104414e+000	1.009922e+001
1.116992e+000	1.012344e+001
1.127519e+000	1.015625e+001
1.139687e+000	1.017188e+001
1.155683e+000	1.019883e+001
1.168398e+000	1.021973e+001
1.175781e+000	1.022891e+001
1.190273e+000	1.025059e+001
1.208457e+000	1.027500e+001
1.218847e+000	1.028926e+001
1.228964e+000	1.031172e+001
1.243593e+000	1.032988e+001
1.255078e+000	1.035117e+001
1.271347e+000	1.037051e+001
1.285703e+000	1.038555e+001
1.298691e+000	1.040039e+001
1.312773e+000	1.042168e+001
1.328906e+000	1.043945e+001
1.341074e+000	1.046094e+001
1.352558e+000	1.047793e+001
1.364043e+000	1.050195e+001
1.378398e+000	1.051055e+001
1.387558e+000	1.053242e+001
1.399863e+000	1.055273e+001
1.409707e+000	1.057305e+001
1.424746e+000	1.059277e+001
1.438007e+000	1.060449e+001
1.453730e+000	1.063164e+001
1.465625e+000	1.064981e+001
1.477792e+000	1.066328e+001
1.489550e+000	1.068438e+001
1.499257e+000	1.069121e+001
1.514980e+000	1.070352e+001
1.527558e+000	1.073125e+001
1.539042e+000	1.075820e+001
1.551210e+000	1.077910e+001
1.562421e+000	1.079316e+001
1.580332e+000	1.081426e+001
1.591543e+000	1.082481e+001
1.605625e+000	1.083594e+001
1.619296e+000	1.085176e+001
1.630234e+000	1.087207e+001
1.642675e+000	1.087988e+001
1.654843e+000	1.090566e+001
1.669472e+000	1.092441e+001
1.682324e+000	1.094492e+001
1.692851e+000	1.096211e+001
1.710078e+000	1.097715e+001
1.720332e+000	1.099531e+001
1.727851e+000	1.100781e+001
1.744804e+000	1.102481e+001
1.760253e+000	1.103965e+001
1.768457e+000	1.105469e+001
1.778574e+000	1.107500e+001
1.793886e+000	1.108809e+001
1.806738e+000	1.110723e+001
1.819316e+000	1.111992e+001
1.829023e+000	1.114707e+001
1.844199e+000	1.116680e+001
1.855820e+000	1.118145e+001
1.869355e+000	1.120313e+001
1.882753e+000	1.122051e+001
1.897519e+000	1.123106e+001
1.908183e+000	1.124414e+001
1.921171e+000	1.125644e+001
1.934023e+000	1.127207e+001
1.945097e+000	1.128789e+001
1.956992e+000	1.131074e+001
1.970253e+000	1.132676e+001
1.979003e+000	1.134981e+001
1.996367e+000	1.136250e+001
2.008671e+000	1.136523e+001
2.021113e+000	1.138477e+001
2.030683e+000	1.139082e+001
2.045996e+000	1.140742e+001
2.060214e+000	1.141953e+001
2.071562e+000	1.144375e+001
2.081953e+000	1.146543e+001
2.095214e+000	1.147773e+001
2.108066e+000	1.148672e+001
2.123652e+000	1.150449e+001
2.135957e+000	1.152168e+001
2.147851e+000	1.153418e+001
2.161660e+000	1.154863e+001
2.169863e+000	1.156699e+001
2.187089e+000	1.157637e+001
2.198164e+000	1.159023e+001
2.210058e+000	1.160742e+001
2.225644e+000	1.161602e+001
2.232753e+000	1.163106e+001
2.246835e+000	1.165215e+001
2.259003e+000	1.167168e+001
2.274453e+000	1.168457e+001
2.289628e+000	1.170508e+001
2.302343e+000	1.171563e+001
2.313144e+000	1.172715e+001
2.323808e+000	1.173887e+001
2.338574e+000	1.175078e+001
2.352519e+000	1.176816e+001
2.365234e+000	1.178750e+001
2.374804e+000	1.180273e+001
2.388750e+000	1.182441e+001
2.402285e+000	1.183477e+001
2.415410e+000	1.183574e+001
2.426347e+000	1.185508e+001
2.441386e+000	1.186895e+001
2.453144e+000	1.188125e+001
2.464902e+000	1.189922e+001
2.477343e+000	1.191328e+001
2.491835e+000	1.192813e+001
2.506054e+000	1.194512e+001
2.515488e+000	1.195391e+001
2.527519e+000	1.196895e+001
2.542695e+000	1.197754e+001
2.558144e+000	1.199590e+001
2.568125e+000	1.201152e+001
2.579746e+000	1.202266e+001
2.593281e+000	1.203203e+001
2.603535e+000	1.205059e+001
2.614609e+000	1.206484e+001
2.632929e+000	1.207949e+001
2.647968e+000	1.208789e+001
2.656582e+000	1.210547e+001
2.670117e+000	1.212676e+001
2.680918e+000	1.213379e+001
2.697187e+000	1.215039e+001
2.709355e+000	1.215977e+001
2.717832e+000	1.217266e+001
2.731914e+000	1.217500e+001
2.746953e+000	1.219121e+001
2.757890e+000	1.220508e+001
2.771835e+000	1.222793e+001
2.783183e+000	1.224512e+001
2.795078e+000	1.226055e+001
2.807519e+000	1.227266e+001
2.822285e+000	1.228106e+001
2.833769e+000	1.228731e+001
2.848535e+000	1.229785e+001
2.857421e+000	1.231348e+001
2.868496e+000	1.232832e+001
2.883535e+000	1.234199e+001
2.896660e+000	1.236016e+001
2.911972e+000	1.237539e+001
2.922636e+000	1.238848e+001
2.933574e+000	1.240098e+001
2.944375e+000	1.240781e+001
2.961054e+000	1.242168e+001
2.972265e+000	1.243574e+001
2.986621e+000	1.244590e+001
2.999746e+000	1.245703e+001
3.011777e+000	1.247070e+001
3.023808e+000	1.248633e+001
3.033652e+000	1.249453e+001
3.048691e+000	1.250586e+001
3.058261e+000	1.252695e+001
3.075625e+000	1.253828e+001
3.086015e+000	1.255430e+001
3.097363e+000	1.256914e+001
3.110761e+000	1.258711e+001
3.124980e+000	1.259512e+001
3.135918e+000	1.259297e+001
3.147949e+000	1.259824e+001
3.162988e+000	1.261641e+001
3.175839e+000	1.263555e+001
3.187734e+000	1.265156e+001
3.202773e+000	1.266660e+001
3.212207e+000	1.268145e+001
3.223964e+000	1.269453e+001
3.238730e+000	1.270117e+001
3.251718e+000	1.271348e+001
3.265253e+000	1.272090e+001
3.277285e+000	1.273086e+001
3.290957e+000	1.274551e+001
3.299023e+000	1.275508e+001
3.314335e+000	1.276875e+001
3.327597e+000	1.278496e+001
3.339082e+000	1.279297e+001
3.352480e+000	1.280156e+001
3.365058e+000	1.281289e+001
3.377500e+000	1.283301e+001
3.392128e+000	1.284160e+001
3.402792e+000	1.285664e+001
3.415234e+000	1.286953e+001
3.427949e+000	1.287539e+001
3.443398e+000	1.289277e+001
3.455839e+000	1.289668e+001
3.470742e+000	1.290684e+001
3.479218e+000	1.292715e+001
3.496582e+000	1.293574e+001
3.507792e+000	1.294727e+001
3.519687e+000	1.295957e+001
3.532675e+000	1.297715e+001
3.548535e+000	1.298125e+001
3.559199e+000	1.298867e+001
3.570683e+000	1.299648e+001
3.581894e+000	1.301875e+001
3.597753e+000	1.302676e+001
3.608418e+000	1.304141e+001
3.622773e+000	1.305332e+001
3.635078e+000	1.306445e+001
3.646015e+000	1.307441e+001
3.660918e+000	1.308281e+001
3.670488e+000	1.309356e+001
3.687441e+000	1.310625e+001
3.698789e+000	1.312031e+001
3.710683e+000	1.313262e+001
3.723261e+000	1.315117e+001
3.735156e+000	1.316816e+001
3.748144e+000	1.317969e+001
3.762773e+000	1.318984e+001
3.774667e+000	1.319746e+001
3.787246e+000	1.320566e+001
3.798730e+000	1.321523e+001
3.812675e+000	1.322500e+001
3.827578e+000	1.324121e+001
3.837421e+000	1.325000e+001
3.850683e+000	1.326426e+001
3.863125e+000	1.327285e+001
3.878164e+000	1.329023e+001
3.888144e+000	1.330117e+001
3.904687e+000	1.331563e+001
3.918085e+000	1.332871e+001
3.927382e+000	1.333789e+001
3.944335e+000	1.335254e+001
3.955273e+000	1.335488e+001
3.967851e+000	1.336719e+001
3.979746e+000	1.337051e+001
3.988085e+000	1.338457e+001
4.003808e+000	1.339824e+001
4.019531e+000	1.340742e+001
4.031015e+000	1.342598e+001
4.040449e+000	1.344316e+001
4.051386e+000	1.344902e+001
4.070937e+000	1.345684e+001
4.085019e+000	1.346250e+001
4.095273e+000	1.346836e+001
4.104433e+000	1.347617e+001
4.117695e+000	1.349746e+001
4.125078e+000	1.350488e+001
4.144492e+000	1.351953e+001
4.154199e+000	1.353066e+001
4.166503e+000	1.354375e+001
4.180585e+000	1.355117e+001
4.192890e+000	1.356523e+001
4.205605e+000	1.357734e+001
4.219414e+000	1.358867e+001
4.231718e+000	1.359766e+001
4.242656e+000	1.361035e+001
4.257832e+000	1.362266e+001
4.270273e+000	1.363164e+001
4.281894e+000	1.363770e+001
4.294199e+000	1.365156e+001
4.308828e+000	1.366328e+001
4.320722e+000	1.367969e+001
4.330976e+000	1.369023e+001
4.345195e+000	1.370488e+001
4.359003e+000	1.371328e+001
4.367617e+000	1.371504e+001
4.384570e+000	1.372441e+001
4.397011e+000	1.372930e+001
4.411777e+000	1.374258e+001
4.421210e+000	1.375840e+001
4.433652e+000	1.376895e+001
4.450195e+000	1.378223e+001
4.458398e+000	1.379629e+001
4.472207e+000	1.380391e+001
4.486699e+000	1.381270e+001
4.499687e+000	1.382012e+001
4.513906e+000	1.383262e+001
4.523886e+000	1.384551e+001
4.537695e+000	1.386348e+001
4.549863e+000	1.387188e+001
4.564082e+000	1.388164e+001
4.579257e+000	1.389238e+001
4.593613e+000	1.390020e+001
4.603593e+000	1.390606e+001
4.615078e+000	1.391582e+001
4.626015e+000	1.393184e+001
4.637636e+000	1.394551e+001
4.654726e+000	1.395254e+001
4.661425e+000	1.396523e+001
4.677832e+000	1.398145e+001
4.688222e+000	1.398867e+001
4.702578e+000	1.399824e+001
4.715566e+000	1.400723e+001
4.728417e+000	1.401914e+001
4.737714e+000	1.403340e+001
4.749199e+000	1.404121e+001
4.762187e+000	1.405430e+001
4.779003e+000	1.405801e+001
4.790898e+000	1.406738e+001
4.803203e+000	1.407852e+001
4.815644e+000	1.408184e+001
4.829042e+000	1.409551e+001
4.840664e+000	1.411445e+001
4.852968e+000	1.412285e+001
4.864589e+000	1.413223e+001
4.882363e+000	1.414102e+001
4.894667e+000	1.415234e+001
4.904101e+000	1.415840e+001
4.920371e+000	1.416680e+001
4.932265e+000	1.417949e+001
4.941972e+000	1.419356e+001
4.957695e+000	1.419785e+001
4.967402e+000	1.421348e+001
4.979570e+000	1.422559e+001
4.994609e+000	1.423613e+001
5.006914e+000	1.424668e+001
5.015664e+000	1.425586e+001
5.032617e+000	1.426895e+001
5.045605e+000	1.427363e+001
5.059550e+000	1.428203e+001
5.071582e+000	1.429785e+001
5.083750e+000	1.430371e+001
5.094277e+000	1.431563e+001
5.106582e+000	1.432461e+001
5.118476e+000	1.434004e+001
5.131191e+000	1.434629e+001
5.144316e+000	1.436270e+001
5.157988e+000	1.437441e+001
5.169062e+000	1.438125e+001
5.181230e+000	1.439512e+001
5.195449e+000	1.439395e+001
5.209394e+000	1.441172e+001
5.221835e+000	1.442031e+001
5.235917e+000	1.442637e+001
5.247128e+000	1.444082e+001
5.262167e+000	1.445195e+001
5.274335e+000	1.446621e+001
5.285136e+000	1.447695e+001
5.296757e+000	1.448184e+001
5.314121e+000	1.449141e+001
5.325468e+000	1.449512e+001
5.334355e+000	1.451074e+001
5.346523e+000	1.451348e+001
5.361152e+000	1.453262e+001
5.375917e+000	1.454102e+001
5.387128e+000	1.454941e+001
5.399707e+000	1.455645e+001
5.411328e+000	1.457090e+001
5.442773e+000	1.459356e+001
5.455078e+000	1.466211e+001
5.467929e+000	1.470449e+001
5.478593e+000	1.471992e+001
5.495546e+000	1.472617e+001
5.504570e+000	1.473223e+001
5.519199e+000	1.473711e+001
5.531230e+000	1.474434e+001
5.544902e+000	1.474356e+001
5.557207e+000	1.475176e+001
5.572793e+000	1.475938e+001
5.582089e+000	1.475391e+001
5.598496e+000	1.475332e+001
5.609433e+000	1.476133e+001
5.623378e+000	1.476484e+001
5.634863e+000	1.477109e+001
5.646757e+000	1.478477e+001
5.663300e+000	1.478828e+001
5.675605e+000	1.479766e+001
5.686542e+000	1.480195e+001
5.700625e+000	1.480410e+001
5.715117e+000	1.480606e+001
5.727421e+000	1.481465e+001
5.737128e+000	1.482461e+001
5.752988e+000	1.483574e+001
5.764472e+000	1.485234e+001
5.773769e+000	1.486523e+001
5.789628e+000	1.486563e+001
5.802480e+000	1.486680e+001
5.813691e+000	1.487422e+001
5.829003e+000	1.487715e+001
5.839531e+000	1.488594e+001
5.851152e+000	1.490039e+001
5.867421e+000	1.490801e+001
5.879042e+000	1.492188e+001
5.891210e+000	1.493203e+001
5.901464e+000	1.493984e+001
5.914042e+000	1.494629e+001
5.928125e+000	1.495117e+001
5.943027e+000	1.496250e+001
5.951777e+000	1.497910e+001
5.965175e+000	1.497949e+001
5.973515e+000	1.499316e+001
5.994160e+000	1.499414e+001
6.004414e+000	1.499805e+001
6.014394e+000	1.501152e+001
6.029980e+000	1.501172e+001
6.041464e+000	1.502910e+001
6.052402e+000	1.504316e+001
6.067988e+000	1.505508e+001
6.077285e+000	1.506758e+001
6.090820e+000	1.507773e+001
6.106269e+000	1.507852e+001
6.112695e+000	1.508418e+001
6.129648e+000	1.508281e+001
6.140175e+000	1.509492e+001
6.153300e+000	1.510684e+001
6.164921e+000	1.512168e+001
6.173535e+000	1.513320e+001
6.194043e+000	1.514844e+001
6.203203e+000	1.516211e+001
6.218925e+000	1.516582e+001
6.232324e+000	1.516934e+001
6.246679e+000	1.517246e+001
6.258574e+000	1.518301e+001
6.270332e+000	1.518594e+001
6.279492e+000	1.519590e+001
6.294531e+000	1.520781e+001
6.307656e+000	1.522168e+001
6.319003e+000	1.522422e+001
6.332265e+000	1.523613e+001
6.342246e+000	1.524492e+001
6.352773e+000	1.525723e+001
6.366992e+000	1.526934e+001
6.382578e+000	1.527598e+001
6.397343e+000	1.528496e+001
6.407324e+000	1.528828e+001
6.418535e+000	1.529844e+001
6.430429e+000	1.530020e+001
6.444511e+000	1.530410e+001
6.460644e+000	1.531914e+001
6.470078e+000	1.533027e+001
6.485527e+000	1.534004e+001
6.499062e+000	1.535527e+001
6.512324e+000	1.536582e+001
6.524355e+000	1.536934e+001
6.535019e+000	1.537539e+001
6.547050e+000	1.538203e+001
6.563046e+000	1.539004e+001
6.577539e+000	1.540352e+001
6.587382e+000	1.541660e+001
6.599277e+000	1.542734e+001
6.612675e+000	1.543301e+001
6.627988e+000	1.544375e+001
6.639062e+000	1.545156e+001
6.650410e+000	1.545957e+001
6.660390e+000	1.546934e+001
6.674746e+000	1.548164e+001
6.686503e+000	1.548848e+001
6.703457e+000	1.550039e+001
6.711933e+000	1.550684e+001
6.728476e+000	1.551621e+001
6.740644e+000	1.552363e+001
6.752812e+000	1.552891e+001
6.763203e+000	1.553379e+001
6.778925e+000	1.554219e+001
6.791230e+000	1.555254e+001
6.803671e+000	1.556934e+001
6.813515e+000	1.557441e+001
6.827050e+000	1.557871e+001
6.843730e+000	1.558887e+001
6.856445e+000	1.559121e+001
6.866015e+000	1.560430e+001
6.878867e+000	1.561406e+001
6.893222e+000	1.562559e+001
6.905937e+000	1.563594e+001
6.914550e+000	1.564336e+001
6.934101e+000	1.564785e+001
6.946132e+000	1.564844e+001
6.956796e+000	1.565273e+001
6.967734e+000	1.566367e+001
6.979902e+000	1.567090e+001
6.989609e+000	1.568106e+001
7.005605e+000	1.569707e+001
7.015859e+000	1.570664e+001
7.029394e+000	1.571856e+001
7.043613e+000	1.572500e+001
7.057695e+000	1.573281e+001
7.068359e+000	1.574102e+001
7.083398e+000	1.574531e+001
7.096523e+000	1.575020e+001
7.107597e+000	1.576211e+001
7.119218e+000	1.577500e+001
7.131660e+000	1.577949e+001
7.143144e+000	1.578887e+001
7.157500e+000	1.579824e+001
7.171718e+000	1.580684e+001
7.181835e+000	1.581856e+001
7.196601e+000	1.582617e+001
7.208222e+000	1.583340e+001
7.222031e+000	1.584238e+001
7.231464e+000	1.584766e+001
7.245410e+000	1.585156e+001
7.259902e+000	1.585606e+001
7.267421e+000	1.586309e+001
7.282871e+000	1.587676e+001
7.294082e+000	1.588828e+001
7.307753e+000	1.589492e+001
7.320605e+000	1.591035e+001
7.332363e+000	1.591816e+001
7.347675e+000	1.592539e+001
7.359980e+000	1.592402e+001
7.372011e+000	1.593086e+001
7.385683e+000	1.594297e+001
7.395390e+000	1.594941e+001
7.410019e+000	1.595977e+001
7.424238e+000	1.596465e+001
7.432168e+000	1.597500e+001
7.446113e+000	1.598184e+001
7.458281e+000	1.599082e+001
7.474960e+000	1.599785e+001
7.489453e+000	1.600566e+001
7.501757e+000	1.601719e+001
7.511191e+000	1.602402e+001
7.523496e+000	1.603262e+001
7.535390e+000	1.604297e+001
7.548925e+000	1.604863e+001
7.564921e+000	1.605391e+001
7.575996e+000	1.606406e+001
7.585156e+000	1.607246e+001
7.600058e+000	1.607832e+001
7.613183e+000	1.608301e+001
7.627265e+000	1.609453e+001
7.639160e+000	1.610078e+001
7.653242e+000	1.611191e+001
7.661582e+000	1.611797e+001
7.679218e+000	1.612051e+001
7.691523e+000	1.612676e+001
7.702734e+000	1.613711e+001
7.715996e+000	1.614434e+001
7.731035e+000	1.615703e+001
7.738828e+000	1.616895e+001
7.753457e+000	1.617188e+001
7.765214e+000	1.618008e+001
7.782168e+000	1.618555e+001
7.793378e+000	1.619687e+001
7.808964e+000	1.620234e+001
7.816894e+000	1.621191e+001
7.830839e+000	1.622051e+001
7.846972e+000	1.622441e+001
7.859824e+000	1.623184e+001
7.871992e+000	1.624121e+001
7.885800e+000	1.624707e+001
7.903984e+000	1.625195e+001
7.911640e+000	1.626152e+001
7.922304e+000	1.626660e+001
7.935293e+000	1.627871e+001
7.946093e+000	1.628496e+001
7.962363e+000	1.628926e+001
7.974531e+000	1.629570e+001
7.983281e+000	1.630469e+001
7.998183e+000	1.631367e+001
8.013085e+000	1.631973e+001
8.021835e+000	1.632988e+001
8.036875e+000	1.633711e+001
8.048906e+000	1.634355e+001
8.062988e+000	1.635059e+001
8.075292e+000	1.635566e+001
8.087597e+000	1.636172e+001
8.100175e+000	1.637676e+001
8.111386e+000	1.638125e+001
8.124238e+000	1.639238e+001
8.136406e+000	1.640117e+001
8.154726e+000	1.640938e+001
8.165390e+000	1.641152e+001
8.179882e+000	1.641602e+001
8.191093e+000	1.642344e+001
8.202851e+000	1.642793e+001
8.214882e+000	1.643516e+001
8.226093e+000	1.645039e+001
8.241816e+000	1.645762e+001
8.248242e+000	1.646523e+001
8.262187e+000	1.647578e+001
8.278593e+000	1.647930e+001
8.291445e+000	1.648340e+001
8.300605e+000	1.649063e+001
8.315781e+000	1.649648e+001
8.328222e+000	1.650723e+001
8.338476e+000	1.651484e+001
8.353378e+000	1.652129e+001
8.367871e+000	1.652949e+001
8.378945e+000	1.653594e+001
8.388242e+000	1.653945e+001
8.400136e+000	1.654512e+001
8.412578e+000	1.655352e+001
8.427343e+000	1.656016e+001
8.441289e+000	1.656738e+001
8.455644e+000	1.657695e+001
8.466035e+000	1.658496e+001
8.479023e+000	1.658750e+001
8.496523e+000	1.659668e+001
8.507871e+000	1.660566e+001
8.519902e+000	1.661563e+001
8.530839e+000	1.662051e+001
8.543417e+000	1.663106e+001
8.550800e+000	1.663945e+001
8.567207e+000	1.664102e+001
8.580332e+000	1.665176e+001
8.590585e+000	1.665801e+001
8.607402e+000	1.666269e+001
8.615058e+000	1.666621e+001
8.632011e+000	1.666992e+001
8.643496e+000	1.668047e+001
8.655800e+000	1.668750e+001
8.667695e+000	1.669824e+001
8.680820e+000	1.670176e+001
8.694082e+000	1.670605e+001
8.708164e+000	1.671367e+001
8.717050e+000	1.672363e+001
8.732500e+000	1.672832e+001
8.745488e+000	1.673906e+001
8.756699e+000	1.675020e+001
8.770371e+000	1.674590e+001
8.785820e+000	1.675840e+001
8.797441e+000	1.676484e+001
8.808242e+000	1.677070e+001
8.821230e+000	1.677988e+001
8.830390e+000	1.678613e+001
8.844335e+000	1.679277e+001
8.859648e+000	1.680391e+001
8.871406e+000	1.680410e+001
8.883027e+000	1.681348e+001
8.900390e+000	1.681758e+001
8.908320e+000	1.682520e+001
8.915703e+000	1.682930e+001
8.928964e+000	1.683984e+001
8.940312e+000	1.684961e+001
8.954257e+000	1.685078e+001
8.966562e+000	1.685684e+001
8.980507e+000	1.686738e+001
8.990898e+000	1.687246e+001
9.008398e+000	1.687871e+001
9.021250e+000	1.688672e+001
9.030683e+000	1.690078e+001
9.044355e+000	1.690586e+001
9.054062e+000	1.691406e+001
9.070195e+000	1.691504e+001
9.083730e+000	1.692461e+001
9.093847e+000	1.692832e+001
9.108476e+000	1.693262e+001
9.121328e+000	1.693906e+001
9.133769e+000	1.694648e+001
9.146757e+000	1.695215e+001
9.157832e+000	1.695898e+001
9.171093e+000	1.696270e+001
9.183535e+000	1.697539e+001
9.197343e+000	1.697969e+001
9.210468e+000	1.697891e+001
9.224687e+000	1.698730e+001
9.236445e+000	1.699531e+001
9.246289e+000	1.700098e+001
9.257773e+000	1.700879e+001
9.273496e+000	1.701231e+001
9.284023e+000	1.702207e+001
9.301523e+000	1.702578e+001
9.309042e+000	1.703516e+001
9.323261e+000	1.704434e+001
9.340761e+000	1.704668e+001
9.347460e+000	1.705781e+001
9.359765e+000	1.705996e+001
9.371796e+000	1.707031e+001
9.387929e+000	1.707012e+001
9.398730e+000	1.707813e+001
9.409941e+000	1.708496e+001
9.427168e+000	1.709121e+001
9.434960e+000	1.709375e+001
9.447949e+000	1.710625e+001
9.460937e+000	1.711211e+001
9.471601e+000	1.711660e+001
9.487187e+000	1.712422e+001
9.499902e+000	1.713496e+001
9.516445e+000	1.713711e+001
9.528476e+000	1.714277e+001
9.537500e+000	1.715137e+001
9.550488e+000	1.715742e+001
9.564707e+000	1.716094e+001
9.577148e+000	1.716856e+001
9.591230e+000	1.717324e+001
9.603261e+000	1.718125e+001
9.614335e+000	1.718926e+001
9.626914e+000	1.719004e+001
9.641953e+000	1.720195e+001
9.654531e+000	1.720273e+001
9.664511e+000	1.721270e+001
9.679687e+000	1.721914e+001
9.690898e+000	1.722227e+001
9.702109e+000	1.722715e+001
9.717558e+000	1.723242e+001
9.729179e+000	1.723691e+001
9.740937e+000	1.724453e+001
9.758027e+000	1.725234e+001
9.767050e+000	1.725820e+001
9.778945e+000	1.726367e+001
9.793164e+000	1.727402e+001
9.808613e+000	1.727266e+001
9.819960e+000	1.728066e+001
9.831171e+000	1.728594e+001
9.843613e+000	1.728769e+001
9.856191e+000	1.729570e+001
9.864804e+000	1.730547e+001
9.882441e+000	1.730684e+001
9.890371e+000	1.731445e+001
9.903632e+000	1.732422e+001
9.915664e+000	1.733223e+001
9.931523e+000	1.733613e+001
9.942187e+000	1.733887e+001
9.957500e+000	1.735039e+001
9.967480e+000	1.735645e+001
9.979921e+000	1.736348e+001
9.996875e+000	1.737148e+001
1.000713e+001	1.737773e+001
1.002504e+001	1.737930e+001
1.003707e+001	1.738457e+001
1.004951e+001	1.738984e+001
1.006223e+001	1.739277e+001
1.007508e+001	1.739863e+001
1.009080e+001	1.740312e+001
1.010201e+001	1.740781e+001
1.011391e+001	1.741621e+001
1.012662e+001	1.742109e+001
1.013715e+001	1.742598e+001
1.014863e+001	1.743340e+001
1.016354e+001	1.744297e+001
1.017871e+001	1.745020e+001
1.018719e+001	1.745371e+001
1.020346e+001	1.746113e+001
1.021480e+001	1.745996e+001
1.022916e+001	1.747012e+001
1.024379e+001	1.747266e+001
1.025418e+001	1.748164e+001
1.026389e+001	1.748730e+001
1.027811e+001	1.748887e+001
1.029055e+001	1.750254e+001
1.030271e+001	1.750781e+001
1.031652e+001	1.751270e+001
1.033061e+001	1.751621e+001
1.034441e+001	1.752051e+001
1.035768e+001	1.752520e+001
1.036711e+001	1.752852e+001
1.037996e+001	1.753242e+001
1.039254e+001	1.754004e+001
1.040525e+001	1.755371e+001
1.041756e+001	1.755898e+001
1.043150e+001	1.756074e+001
1.044558e+001	1.757109e+001
1.045680e+001	1.757402e+001
1.046773e+001	1.757754e+001
1.048127e+001	1.758359e+001
1.049781e+001	1.758984e+001
1.050998e+001	1.760019e+001
1.052201e+001	1.760215e+001
1.053336e+001	1.760879e+001
1.054908e+001	1.761269e+001
1.055947e+001	1.761172e+001
1.057246e+001	1.762109e+001
1.058189e+001	1.763008e+001
1.059420e+001	1.763379e+001
1.060814e+001	1.763984e+001
1.061867e+001	1.764375e+001
1.063084e+001	1.764453e+001
1.064779e+001	1.765137e+001
1.065777e+001	1.765820e+001
1.067240e+001	1.766231e+001
1.068307e+001	1.766660e+001
1.069441e+001	1.767930e+001
1.070973e+001	1.768301e+001
1.072244e+001	1.768731e+001
1.073105e+001	1.769160e+001
1.074623e+001	1.769844e+001
1.075977e+001	1.770488e+001
1.077467e+001	1.770410e+001
1.078725e+001	1.770996e+001
1.079818e+001	1.771914e+001
1.081404e+001	1.772070e+001
1.082512e+001	1.772519e+001
1.083783e+001	1.773106e+001
1.085178e+001	1.773691e+001
1.086258e+001	1.774219e+001
1.087502e+001	1.774883e+001
1.088582e+001	1.775508e+001
1.089703e+001	1.776250e+001
1.091480e+001	1.776133e+001
1.092246e+001	1.777324e+001
1.093463e+001	1.777754e+001
1.095090e+001	1.777969e+001
1.096197e+001	1.778438e+001
1.097633e+001	1.779297e+001
1.099027e+001	1.779902e+001
1.100490e+001	1.780313e+001
1.101242e+001	1.780527e+001
1.102828e+001	1.781094e+001
1.103744e+001	1.781953e+001
1.105645e+001	1.781797e+001
1.106615e+001	1.782734e+001
1.107695e+001	1.783320e+001
1.109076e+001	1.783770e+001
1.110047e+001	1.784434e+001
1.111551e+001	1.784727e+001
1.112781e+001	1.785430e+001
1.114189e+001	1.785449e+001
1.115352e+001	1.785938e+001
1.116418e+001	1.787148e+001
1.117703e+001	1.787148e+001
1.119371e+001	1.787285e+001
1.120260e+001	1.788047e+001
1.121613e+001	1.788789e+001
1.122693e+001	1.789336e+001
1.124020e+001	1.789512e+001
1.125127e+001	1.789492e+001
1.126617e+001	1.790195e+001
1.127711e+001	1.790664e+001
1.129311e+001	1.791035e+001
1.130541e+001	1.790996e+001
1.131635e+001	1.791445e+001
1.132605e+001	1.791973e+001
1.134232e+001	1.792871e+001
1.135572e+001	1.793145e+001
1.136912e+001	1.793496e+001
1.137938e+001	1.794316e+001
1.139127e+001	1.794844e+001
1.140453e+001	1.795488e+001
1.141766e+001	1.796191e+001
1.142887e+001	1.796523e+001
1.144459e+001	1.796816e+001
1.145498e+001	1.797422e+001
1.146783e+001	1.797734e+001
1.147932e+001	1.798340e+001
1.149326e+001	1.799082e+001
1.150762e+001	1.799687e+001
1.152061e+001	1.800039e+001
1.153018e+001	1.801152e+001
1.154207e+001	1.801035e+001
1.155807e+001	1.801758e+001
1.157393e+001	1.802012e+001
1.157803e+001	1.802305e+001
1.159512e+001	1.803008e+001
1.160988e+001	1.803359e+001
1.162041e+001	1.804102e+001
1.163354e+001	1.804551e+001
1.164611e+001	1.804844e+001
1.165828e+001	1.805293e+001
1.167018e+001	1.805566e+001
1.168330e+001	1.805918e+001
1.169369e+001	1.806680e+001
1.171092e+001	1.806465e+001
1.172254e+001	1.807481e+001
1.173785e+001	1.807852e+001
1.174646e+001	1.808047e+001
1.176314e+001	1.808379e+001
1.177053e+001	1.809043e+001
1.178762e+001	1.808809e+001
1.179814e+001	1.809961e+001
1.181277e+001	1.810313e+001
1.182563e+001	1.810938e+001
1.183875e+001	1.811094e+001
1.185105e+001	1.811602e+001
1.186350e+001	1.811856e+001
1.188045e+001	1.812520e+001
1.188865e+001	1.812832e+001
1.190287e+001	1.813281e+001
1.191148e+001	1.813633e+001
1.192338e+001	1.814746e+001
1.194061e+001	1.814844e+001
1.194895e+001	1.815742e+001
1.196658e+001	1.816191e+001
1.197643e+001	1.816484e+001
1.199146e+001	1.816602e+001
1.200131e+001	1.817031e+001
1.201525e+001	1.817285e+001
1.202537e+001	1.818008e+001
1.204301e+001	1.818398e+001
1.205381e+001	1.818809e+001
1.206611e+001	1.819258e+001
1.207746e+001	1.819922e+001
1.209551e+001	1.820391e+001
1.210098e+001	1.820410e+001
1.211889e+001	1.821250e+001
1.212887e+001	1.821348e+001
1.214445e+001	1.822500e+001
1.215566e+001	1.822793e+001
1.216769e+001	1.822871e+001
1.218246e+001	1.823262e+001
1.219709e+001	1.823809e+001
1.220816e+001	1.824336e+001
1.222184e+001	1.824727e+001
1.223346e+001	1.825117e+001
1.224521e+001	1.825391e+001
1.225807e+001	1.825898e+001
1.227393e+001	1.826328e+001
1.228377e+001	1.826543e+001
1.229922e+001	1.827168e+001
1.231125e+001	1.827598e+001
1.232246e+001	1.828125e+001
1.233709e+001	1.827852e+001
1.234939e+001	1.828945e+001
1.236143e+001	1.829629e+001
1.237373e+001	1.829512e+001
1.238699e+001	1.830098e+001
1.239930e+001	1.830723e+001
1.241187e+001	1.830723e+001
1.242787e+001	1.831074e+001
1.243689e+001	1.832109e+001
1.244947e+001	1.832227e+001
1.246328e+001	1.833066e+001
1.247436e+001	1.832910e+001
1.248775e+001	1.833574e+001
1.249979e+001	1.833965e+001
1.251346e+001	1.834277e+001
1.252809e+001	1.834590e+001
1.253943e+001	1.835000e+001
1.254955e+001	1.835430e+001
1.256336e+001	1.835723e+001
1.257785e+001	1.836211e+001
1.258715e+001	1.836621e+001
1.260396e+001	1.836758e+001
1.261463e+001	1.837500e+001
1.262611e+001	1.838457e+001
1.263773e+001	1.838809e+001
1.264922e+001	1.838789e+001
1.266166e+001	1.839648e+001
1.267848e+001	1.839648e+001
1.269242e+001	1.839746e+001
1.270350e+001	1.840234e+001
1.271594e+001	1.840625e+001
1.272633e+001	1.840859e+001
1.273973e+001	1.841289e+001
1.275176e+001	1.841992e+001
1.276543e+001	1.842402e+001
1.277924e+001	1.842793e+001
1.279428e+001	1.842793e+001
1.280385e+001	1.843281e+001
1.281629e+001	1.843750e+001
1.283160e+001	1.844356e+001
1.284213e+001	1.843965e+001
1.285457e+001	1.844981e+001
1.286551e+001	1.845586e+001
1.288178e+001	1.845703e+001
1.289217e+001	1.846191e+001
1.290529e+001	1.846523e+001
1.291719e+001	1.846816e+001
1.293223e+001	1.847383e+001
1.294371e+001	1.847813e+001
1.295506e+001	1.848281e+001
1.297010e+001	1.848379e+001
1.298008e+001	1.849277e+001
1.299225e+001	1.849160e+001
1.300770e+001	1.849297e+001
1.301932e+001	1.849609e+001
1.303313e+001	1.850176e+001
1.304734e+001	1.850410e+001
1.305760e+001	1.851367e+001
1.307264e+001	1.851719e+001
1.308234e+001	1.851894e+001
1.309752e+001	1.852617e+001
1.311160e+001	1.852500e+001
1.312582e+001	1.852617e+001
1.313881e+001	1.853379e+001
1.315002e+001	1.853731e+001
1.316369e+001	1.854023e+001
1.317189e+001	1.854551e+001
1.318844e+001	1.855098e+001
1.319787e+001	1.855469e+001
1.320936e+001	1.855410e+001
1.322111e+001	1.855996e+001
1.323451e+001	1.856152e+001
1.325105e+001	1.856445e+001
1.326172e+001	1.856797e+001
1.327621e+001	1.856914e+001
1.328729e+001	1.857910e+001
1.329727e+001	1.858066e+001
1.331244e+001	1.858613e+001
1.332680e+001	1.858828e+001
1.333965e+001	1.859180e+001
1.335291e+001	1.859434e+001
1.336398e+001	1.859824e+001
1.337615e+001	1.860781e+001
1.339146e+001	1.860918e+001
1.340240e+001	1.861230e+001
1.341689e+001	1.861719e+001
1.343166e+001	1.861797e+001
1.344137e+001	1.862070e+001
1.345490e+001	1.862598e+001
1.346762e+001	1.862969e+001
1.347787e+001	1.863438e+001
1.349182e+001	1.863848e+001
1.350453e+001	1.864043e+001
1.352012e+001	1.863789e+001
1.353352e+001	1.864512e+001
1.354418e+001	1.864180e+001
1.355252e+001	1.864941e+001
1.356633e+001	1.865215e+001
1.357768e+001	1.865469e+001
1.359271e+001	1.866465e+001
1.360680e+001	1.866543e+001
1.361746e+001	1.866992e+001
1.363387e+001	1.867383e+001
1.364289e+001	1.867285e+001
1.365615e+001	1.867969e+001
1.367037e+001	1.868184e+001
1.368035e+001	1.868906e+001
1.369457e+001	1.869336e+001
1.370728e+001	1.869707e+001
1.371918e+001	1.869805e+001
1.372998e+001	1.870059e+001
1.374270e+001	1.870801e+001
1.375910e+001	1.870762e+001
1.376813e+001	1.870859e+001
1.378234e+001	1.871035e+001
1.379355e+001	1.871934e+001
1.380709e+001	1.872344e+001
1.381680e+001	1.872519e+001
1.383307e+001	1.872832e+001
1.384236e+001	1.872891e+001
1.385959e+001	1.873828e+001
1.386766e+001	1.874160e+001
1.387928e+001	1.874434e+001
1.389281e+001	1.874902e+001
1.390635e+001	1.874785e+001
1.391975e+001	1.875449e+001
1.393383e+001	1.875391e+001
1.394832e+001	1.876133e+001
1.395762e+001	1.876660e+001
1.397170e+001	1.876875e+001
1.398387e+001	1.876973e+001
1.399316e+001	1.877559e+001
1.401012e+001	1.877324e+001
1.402324e+001	1.877734e+001
1.403295e+001	1.878027e+001
1.404758e+001	1.878496e+001
1.405975e+001	1.878496e+001
1.407205e+001	1.878926e+001
1.408299e+001	1.879297e+001
1.409980e+001	1.879727e+001
1.411307e+001	1.880254e+001
1.412359e+001	1.880293e+001
1.413467e+001	1.880937e+001
1.414875e+001	1.880840e+001
1.415900e+001	1.881582e+001
1.417363e+001	1.881621e+001
1.418785e+001	1.882109e+001
1.419564e+001	1.882598e+001
1.421191e+001	1.882285e+001
1.422900e+001	1.882891e+001
1.423803e+001	1.883125e+001
1.425115e+001	1.883281e+001
1.426414e+001	1.884102e+001
1.427467e+001	1.884082e+001
1.429066e+001	1.884121e+001
1.430160e+001	1.884414e+001
1.431240e+001	1.885313e+001
1.432621e+001	1.885098e+001
1.434344e+001	1.885176e+001
1.435424e+001	1.885859e+001
1.436299e+001	1.886133e+001
1.438062e+001	1.886641e+001
1.439279e+001	1.886914e+001
1.440578e+001	1.887246e+001
1.442137e+001	1.887461e+001
1.443271e+001	1.887969e+001
1.444857e+001	1.887910e+001
1.446074e+001	1.888457e+001
1.447414e+001	1.888945e+001
1.448480e+001	1.888965e+001
1.449793e+001	1.889434e+001
1.450996e+001	1.889258e+001
1.452309e+001	1.889981e+001
1.453717e+001	1.889941e+001
1.455152e+001	1.890332e+001
1.455877e+001	1.890820e+001
1.457162e+001	1.890703e+001
1.458898e+001	1.890918e+001
1.459924e+001	1.891504e+001
1.461264e+001	1.891465e+001
1.462426e+001	1.891777e+001
1.463738e+001	1.892031e+001
1.465010e+001	1.892559e+001
1.465994e+001	1.892891e+001
1.467621e+001	1.893066e+001
1.468715e+001	1.893789e+001
1.470574e+001	1.893711e+001
1.471395e+001	1.894629e+001
1.472529e+001	1.894375e+001
1.473979e+001	1.894570e+001
1.475414e+001	1.894668e+001
1.476713e+001	1.894629e+001
1.477601e+001	1.895605e+001
1.478736e+001	1.895586e+001
1.480145e+001	1.896231e+001
1.481225e+001	1.896758e+001
1.482770e+001	1.896875e+001
1.484164e+001	1.897012e+001
1.485395e+001	1.897148e+001
1.486748e+001	1.897617e+001
1.487746e+001	1.897832e+001
1.489100e+001	1.898203e+001
1.490316e+001	1.898789e+001
1.491342e+001	1.899141e+001
1.492627e+001	1.898945e+001
1.493584e+001	1.899512e+001
1.495457e+001	1.899883e+001
1.496428e+001	1.900293e+001
1.498219e+001	1.900586e+001
1.499053e+001	1.900566e+001
1.500311e+001	1.900566e+001
1.501732e+001	1.901191e+001
1.503141e+001	1.901484e+001
1.504426e+001	1.901406e+001
1.505314e+001	1.902090e+001
1.506791e+001	1.901992e+001
1.507994e+001	1.902461e+001
1.509635e+001	1.902715e+001
1.510797e+001	1.903203e+001
1.511713e+001	1.903164e+001
1.513189e+001	1.903945e+001
1.514365e+001	1.903633e+001
1.515445e+001	1.903613e+001
1.516689e+001	1.904492e+001
1.517811e+001	1.904688e+001
1.519314e+001	1.904629e+001
1.520709e+001	1.904805e+001
1.521707e+001	1.905410e+001
1.522814e+001	1.905703e+001
1.524687e+001	1.906113e+001
1.525973e+001	1.906055e+001
1.526793e+001	1.906055e+001
1.528461e+001	1.906445e+001
1.529281e+001	1.906563e+001
1.530594e+001	1.907207e+001
1.532139e+001	1.907969e+001
1.533355e+001	1.908008e+001
1.534695e+001	1.908242e+001
1.535912e+001	1.908535e+001
1.536951e+001	1.909043e+001
1.538441e+001	1.909062e+001
1.539781e+001	1.909688e+001
1.540615e+001	1.909688e+001
1.542188e+001	1.909922e+001
1.543418e+001	1.910449e+001
1.544689e+001	1.910723e+001
1.546344e+001	1.910918e+001
1.547533e+001	1.911328e+001
1.548559e+001	1.911602e+001
1.549871e+001	1.911602e+001
1.551348e+001	1.911738e+001
1.552318e+001	1.912031e+001
1.553658e+001	1.912266e+001
1.554889e+001	1.912324e+001
1.556051e+001	1.912051e+001
1.557801e+001	1.912871e+001
1.558607e+001	1.913086e+001
1.559564e+001	1.913359e+001
1.561164e+001	1.913477e+001
1.562504e+001	1.914375e+001
1.563775e+001	1.914258e+001
1.565279e+001	1.914707e+001
1.566564e+001	1.914727e+001
1.567590e+001	1.914570e+001
1.568861e+001	1.915410e+001
1.570105e+001	1.915508e+001
1.571363e+001	1.915859e+001
1.572689e+001	1.916152e+001
1.574002e+001	1.916719e+001
1.575205e+001	1.916699e+001
1.576545e+001	1.917246e+001
1.577830e+001	1.917012e+001
1.578801e+001	1.917383e+001
1.580373e+001	1.917402e+001
1.581535e+001	1.917832e+001
1.583025e+001	1.917734e+001
1.583818e+001	1.918809e+001
1.584980e+001	1.918477e+001
1.586539e+001	1.918731e+001
1.587933e+001	1.919199e+001
1.589014e+001	1.919141e+001
1.590367e+001	1.919609e+001
1.591433e+001	1.919824e+001
1.593074e+001	1.920371e+001
1.594209e+001	1.920156e+001
1.595275e+001	1.920938e+001
1.596807e+001	1.921035e+001
1.598297e+001	1.921016e+001
1.599555e+001	1.921426e+001
1.600689e+001	1.921621e+001
1.601674e+001	1.922188e+001
1.602904e+001	1.922090e+001
1.604299e+001	1.921856e+001
1.605270e+001	1.921992e+001
1.606746e+001	1.922871e+001
1.608045e+001	1.922285e+001
1.609098e+001	1.923106e+001
1.610629e+001	1.923047e+001
1.611709e+001	1.923223e+001
1.612967e+001	1.924414e+001
1.614484e+001	1.924180e+001
1.615646e+001	1.924375e+001
1.616672e+001	1.925020e+001
1.618012e+001	1.924648e+001
1.619324e+001	1.925410e+001
1.620705e+001	1.925586e+001
1.621935e+001	1.925840e+001
1.623275e+001	1.926035e+001
1.624396e+001	1.926094e+001
1.625736e+001	1.925977e+001
1.626871e+001	1.926445e+001
1.628266e+001	1.926309e+001
1.629674e+001	1.926973e+001
1.631137e+001	1.926836e+001
1.631889e+001	1.927637e+001
1.633105e+001	1.926973e+001
1.634992e+001	1.927383e+001
1.635867e+001	1.927852e+001
1.636810e+001	1.927773e+001
1.638533e+001	1.928418e+001
1.639723e+001	1.928555e+001
1.640926e+001	1.928691e+001
1.642183e+001	1.929121e+001
1.643414e+001	1.929590e+001
1.644563e+001	1.929785e+001
1.646039e+001	1.930019e+001
1.647434e+001	1.930410e+001
1.648514e+001	1.930488e+001
1.649553e+001	1.930762e+001
1.650797e+001	1.930898e+001
1.652465e+001	1.931211e+001
1.653340e+001	1.931191e+001
1.654953e+001	1.931875e+001
1.656402e+001	1.932031e+001
1.657769e+001	1.932051e+001
1.658904e+001	1.932363e+001
1.660148e+001	1.932813e+001
1.661283e+001	1.932754e+001
1.662869e+001	1.932852e+001
1.663976e+001	1.933496e+001
1.665275e+001	1.932891e+001
1.666492e+001	1.933731e+001
1.667982e+001	1.933496e+001
1.669090e+001	1.933789e+001
1.670648e+001	1.934102e+001
1.671892e+001	1.934297e+001
1.673191e+001	1.934805e+001
1.674408e+001	1.934551e+001
1.675406e+001	1.935176e+001
1.676842e+001	1.935156e+001
1.678168e+001	1.935078e+001
1.679289e+001	1.935488e+001
1.680574e+001	1.935879e+001
1.681914e+001	1.936191e+001
1.683021e+001	1.935938e+001
1.684320e+001	1.936523e+001
1.685674e+001	1.936465e+001
1.686808e+001	1.936797e+001
1.688381e+001	1.937129e+001
1.689392e+001	1.937461e+001
1.690719e+001	1.937539e+001
1.692086e+001	1.937754e+001
1.692674e+001	1.937871e+001
1.694615e+001	1.938496e+001
1.695818e+001	1.938809e+001
1.697144e+001	1.939199e+001
1.698252e+001	1.939121e+001
1.700016e+001	1.939238e+001
1.701219e+001	1.939746e+001
1.702217e+001	1.939512e+001
1.703748e+001	1.939414e+001
1.705074e+001	1.940000e+001
1.706182e+001	1.940176e+001
1.707767e+001	1.940234e+001
1.708478e+001	1.940410e+001
1.710064e+001	1.940332e+001
1.711322e+001	1.940469e+001
1.712211e+001	1.941133e+001
1.713510e+001	1.941172e+001
1.714904e+001	1.941328e+001
1.716066e+001	1.941953e+001
1.717488e+001	1.941895e+001
1.718732e+001	1.942266e+001
1.719976e+001	1.942402e+001
1.721344e+001	1.942695e+001
1.722601e+001	1.942598e+001
1.723668e+001	1.942461e+001
1.725021e+001	1.942910e+001
1.726320e+001	1.943301e+001
1.727646e+001	1.943320e+001
1.728508e+001	1.943691e+001
1.730189e+001	1.943750e+001
1.731516e+001	1.943789e+001
1.732281e+001	1.943984e+001
1.733662e+001	1.944082e+001
1.735262e+001	1.944238e+001
1.736861e+001	1.944590e+001
1.737668e+001	1.944785e+001
1.739021e+001	1.945391e+001
1.740211e+001	1.945215e+001
1.741510e+001	1.945625e+001
1.743342e+001	1.945898e+001
1.744203e+001	1.945625e+001
1.745283e+001	1.946055e+001
1.746582e+001	1.946309e+001
1.747744e+001	1.946231e+001
1.748851e+001	1.946992e+001
1.750656e+001	1.947188e+001
1.751805e+001	1.947519e+001
1.753049e+001	1.947324e+001
1.754512e+001	1.947754e+001
1.755441e+001	1.947637e+001
1.756918e+001	1.948106e+001
1.757902e+001	1.948164e+001
1.759174e+001	1.948457e+001
1.760281e+001	1.948867e+001
1.761976e+001	1.948828e+001
1.763426e+001	1.948633e+001
1.764328e+001	1.948633e+001
1.765476e+001	1.949277e+001
1.766680e+001	1.949473e+001
1.768156e+001	1.949727e+001
1.769414e+001	1.949785e+001
1.770590e+001	1.950039e+001
1.771834e+001	1.950273e+001
1.772955e+001	1.949981e+001
1.774432e+001	1.950098e+001
1.775580e+001	1.950684e+001
1.776756e+001	1.950781e+001
1.777781e+001	1.951426e+001
1.779463e+001	1.951172e+001
1.780406e+001	1.951602e+001
1.782006e+001	1.951719e+001
1.783031e+001	1.952031e+001
1.784604e+001	1.951992e+001
1.785629e+001	1.952051e+001
1.786941e+001	1.952441e+001
1.787926e+001	1.952598e+001
1.789279e+001	1.952168e+001
1.790797e+001	1.952969e+001
1.791672e+001	1.953066e+001
1.792943e+001	1.953379e+001
1.794557e+001	1.953008e+001
1.795609e+001	1.954238e+001
1.797086e+001	1.954141e+001
1.798426e+001	1.954180e+001
1.799547e+001	1.954453e+001
1.801160e+001	1.954336e+001
1.802377e+001	1.954922e+001
1.803457e+001	1.954863e+001
1.804619e+001	1.954824e+001
1.806014e+001	1.955156e+001
1.807367e+001	1.955019e+001
1.808502e+001	1.955293e+001
1.809527e+001	1.955723e+001
1.811058e+001	1.956231e+001
1.812521e+001	1.955410e+001
1.813642e+001	1.955840e+001
1.814996e+001	1.955879e+001
1.816281e+001	1.956328e+001
1.817389e+001	1.956426e+001
1.818811e+001	1.956621e+001
1.819973e+001	1.956504e+001
1.821395e+001	1.957520e+001
1.822078e+001	1.957539e+001
1.823596e+001	1.956953e+001
1.824730e+001	1.957344e+001
1.826002e+001	1.957617e+001
1.827533e+001	1.957871e+001
1.828941e+001	1.957734e+001
1.830254e+001	1.958027e+001
1.831607e+001	1.957793e+001
1.832783e+001	1.958262e+001
1.833986e+001	1.958535e+001
1.835162e+001	1.958652e+001
1.836611e+001	1.958672e+001
1.838033e+001	1.958887e+001
1.839141e+001	1.959102e+001
1.840412e+001	1.959258e+001
1.841533e+001	1.959531e+001
1.842928e+001	1.959238e+001
1.844363e+001	1.959199e+001
1.845238e+001	1.959746e+001
1.846496e+001	1.960254e+001
1.847645e+001	1.960352e+001
1.849299e+001	1.960508e+001
1.850447e+001	1.960332e+001
1.851363e+001	1.960586e+001
1.852881e+001	1.961152e+001
1.854070e+001	1.961172e+001
1.855082e+001	1.961816e+001
1.856805e+001	1.961875e+001
1.857926e+001	1.962324e+001
1.859293e+001	1.962227e+001
1.860332e+001	1.962656e+001
1.861604e+001	1.962832e+001
1.862752e+001	1.963086e+001
1.864119e+001	1.962559e+001
1.865568e+001	1.962520e+001
1.866908e+001	1.963184e+001
1.868316e+001	1.963164e+001
1.869410e+001	1.963496e+001
1.870723e+001	1.963203e+001
1.872035e+001	1.963906e+001
1.873238e+001	1.963652e+001
1.874715e+001	1.963691e+001
1.876082e+001	1.963926e+001
1.877463e+001	1.963672e+001
1.878652e+001	1.964141e+001
1.879951e+001	1.964102e+001
1.881277e+001	1.964355e+001
1.882330e+001	1.964727e+001
1.883588e+001	1.964981e+001
1.885051e+001	1.965078e+001
1.886732e+001	1.965234e+001
1.887730e+001	1.965234e+001
1.888701e+001	1.965410e+001
1.890301e+001	1.965508e+001
1.891408e+001	1.965410e+001
1.892543e+001	1.966016e+001
1.894074e+001	1.965684e+001
1.895195e+001	1.965723e+001
1.896562e+001	1.966465e+001
1.897684e+001	1.966406e+001
1.898887e+001	1.966250e+001
1.900090e+001	1.966816e+001
1.901484e+001	1.966738e+001
1.902701e+001	1.967207e+001
1.903932e+001	1.967383e+001
1.905053e+001	1.967559e+001
1.906324e+001	1.967559e+001
1.907541e+001	1.967734e+001
1.909031e+001	1.967754e+001
1.910084e+001	1.968047e+001
1.911492e+001	1.968594e+001
1.913023e+001	1.968711e+001
1.913885e+001	1.968965e+001
1.915252e+001	1.968281e+001
1.916660e+001	1.968906e+001
1.918191e+001	1.968691e+001
1.919107e+001	1.968926e+001
1.920393e+001	1.969121e+001
1.921459e+001	1.969434e+001
1.922990e+001	1.969063e+001
1.924084e+001	1.969766e+001
1.925520e+001	1.969199e+001
1.926955e+001	1.969453e+001
1.927994e+001	1.970195e+001
1.929252e+001	1.969883e+001
1.930291e+001	1.970137e+001
1.931576e+001	1.970586e+001
1.933053e+001	1.970508e+001
1.934297e+001	1.970742e+001
1.935322e+001	1.971328e+001
1.936703e+001	1.971113e+001
1.938385e+001	1.970625e+001
1.939711e+001	1.971074e+001
1.940545e+001	1.971680e+001
1.942063e+001	1.971289e+001
1.943115e+001	1.971484e+001
1.944332e+001	1.971660e+001
1.945713e+001	1.971953e+001
1.946916e+001	1.971992e+001
1.948379e+001	1.971660e+001
1.949719e+001	1.972207e+001
1.951332e+001	1.972266e+001
1.952070e+001	1.972207e+001
1.953232e+001	1.972656e+001
1.954723e+001	1.972324e+001
1.955816e+001	1.972813e+001
1.957252e+001	1.972402e+001
1.958646e+001	1.973340e+001
1.959918e+001	1.972832e+001
1.961326e+001	1.973496e+001
1.962297e+001	1.973340e+001
1.963240e+001	1.973906e+001
1.964717e+001	1.973769e+001
1.966576e+001	1.974336e+001
1.967519e+001	1.974043e+001
1.968969e+001	1.974336e+001
1.970240e+001	1.974023e+001
1.971184e+001	1.974531e+001
1.972619e+001	1.974512e+001
1.973686e+001	1.974395e+001
1.974943e+001	1.975000e+001
1.976721e+001	1.975176e+001
1.977828e+001	1.974863e+001
1.978744e+001	1.975273e+001
1.980002e+001	1.975488e+001
1.981369e+001	1.975527e+001
1.982559e+001	1.976094e+001
1.984035e+001	1.975723e+001
1.985225e+001	1.975918e+001
1.986769e+001	1.975977e+001
1.987604e+001	1.976270e+001
1.988861e+001	1.976191e+001
1.990188e+001	1.976348e+001
1.991719e+001	1.976426e+001
1.992566e+001	1.976797e+001
1.993988e+001	1.976914e+001
1.995191e+001	1.976973e+001
1.996668e+001	1.977188e+001
1.997803e+001	1.977031e+001
1.999047e+001	1.976934e+001
2.000578e+001	1.977559e+001
2.001781e+001	1.977812e+001
2.003025e+001	1.977441e+001
2.004351e+001	1.977578e+001
2.005527e+001	1.977969e+001
2.006703e+001	1.977676e+001
2.007838e+001	1.977773e+001
2.009369e+001	1.977754e+001
2.010545e+001	1.978125e+001
2.011461e+001	1.978008e+001
2.013020e+001	1.978438e+001
2.014400e+001	1.978516e+001
2.015439e+001	1.978301e+001
2.016998e+001	1.978848e+001
2.018187e+001	1.978477e+001
2.019432e+001	1.979121e+001
2.020717e+001	1.979297e+001
2.022152e+001	1.979297e+001
2.023123e+001	1.979297e+001
2.024476e+001	1.979512e+001
2.025666e+001	1.979863e+001
2.027019e+001	1.979883e+001
2.028387e+001	1.979902e+001
2.029686e+001	1.979824e+001
2.030943e+001	1.979941e+001
2.032010e+001	1.980195e+001
2.033117e+001	1.979883e+001
2.034949e+001	1.980391e+001
2.035674e+001	1.981016e+001
2.036904e+001	1.980566e+001
2.038313e+001	1.979980e+001
2.039666e+001	1.980508e+001
2.040910e+001	1.981094e+001
2.041990e+001	1.981191e+001
2.043303e+001	1.981094e+001
2.044916e+001	1.981016e+001
2.046023e+001	1.970352e+001
2.047213e+001	1.978691e+001
2.048266e+001	1.981016e+001
2.049947e+001	1.981211e+001
2.050904e+001	1.981367e+001
2.052025e+001	1.981484e+001
2.053338e+001	1.981504e+001
2.054814e+001	1.981738e+001
2.056086e+001	1.981680e+001
2.057398e+001	1.981758e+001
2.058574e+001	1.982188e+001
2.059695e+001	1.981816e+001
2.061049e+001	1.981719e+001
2.062266e+001	1.982188e+001
2.063810e+001	1.982637e+001
2.064945e+001	1.982539e+001
2.066244e+001	1.982656e+001
2.067488e+001	1.982793e+001
2.068814e+001	1.983164e+001
2.069922e+001	1.983066e+001
2.071344e+001	1.983457e+001
2.072683e+001	1.983066e+001
2.073750e+001	1.983379e+001
2.074994e+001	1.983789e+001
2.076566e+001	1.983789e+001
2.077920e+001	1.984043e+001
2.078836e+001	1.983906e+001
2.080558e+001	1.983984e+001
2.081666e+001	1.984121e+001
2.082664e+001	1.984316e+001
2.084277e+001	1.983984e+001
2.085398e+001	1.984141e+001
2.086642e+001	1.984492e+001
2.088133e+001	1.984629e+001
2.089254e+001	1.984395e+001
2.090334e+001	1.984316e+001
2.091701e+001	1.984883e+001
2.093328e+001	1.984531e+001
2.094463e+001	1.984551e+001
2.095844e+001	1.985137e+001
2.097348e+001	1.985313e+001
2.098045e+001	1.985254e+001
2.100027e+001	1.985234e+001
2.101313e+001	1.985176e+001
2.102392e+001	1.985391e+001
2.103650e+001	1.985684e+001
2.104607e+001	1.986094e+001
2.105879e+001	1.985898e+001
2.107465e+001	1.986055e+001
2.108805e+001	1.986035e+001
2.110158e+001	1.986035e+001
2.111279e+001	1.985957e+001
2.112318e+001	1.986172e+001
2.113576e+001	1.986172e+001
2.115176e+001	1.986230e+001
2.116215e+001	1.986309e+001
2.117117e+001	1.986738e+001
2.118566e+001	1.986699e+001
2.120002e+001	1.986992e+001
2.120973e+001	1.987090e+001
2.122381e+001	1.987285e+001
2.123680e+001	1.987383e+001
2.124924e+001	1.987012e+001
2.126387e+001	1.987168e+001
2.127398e+001	1.987266e+001
2.128984e+001	1.987793e+001
2.129887e+001	1.988164e+001
2.131609e+001	1.987793e+001
2.132471e+001	1.988184e+001
2.133893e+001	1.988320e+001
2.135082e+001	1.988828e+001
2.136217e+001	1.988438e+001
2.137721e+001	1.988477e+001
2.138951e+001	1.988750e+001
2.140100e+001	1.988652e+001
2.141726e+001	1.988496e+001
2.142725e+001	1.988594e+001
2.143805e+001	1.989219e+001
2.145295e+001	1.988945e+001
2.146430e+001	1.989277e+001
2.148016e+001	1.989453e+001
2.148986e+001	1.989453e+001
2.150189e+001	1.989473e+001
2.151707e+001	1.989492e+001
2.152719e+001	1.989629e+001
2.154045e+001	1.989355e+001
2.155166e+001	1.989648e+001
2.156766e+001	1.989766e+001
2.158037e+001	1.989883e+001
2.159213e+001	1.989512e+001
2.160594e+001	1.989785e+001
2.161715e+001	1.989941e+001
2.162986e+001	1.989922e+001
2.164217e+001	1.990000e+001
2.165379e+001	1.989922e+001
2.166568e+001	1.990137e+001
2.167908e+001	1.990312e+001
2.169275e+001	1.990098e+001
2.170232e+001	1.990449e+001
2.171709e+001	1.990195e+001
2.172830e+001	1.990449e+001
2.173910e+001	1.990547e+001
2.175264e+001	1.990801e+001
2.176508e+001	1.990508e+001
2.177875e+001	1.991113e+001
2.178777e+001	1.991367e+001
2.180336e+001	1.990938e+001
2.181744e+001	1.990996e+001
2.182770e+001	1.991504e+001
2.183959e+001	1.991269e+001
2.185463e+001	1.992266e+001
2.186857e+001	1.992285e+001
2.188115e+001	1.992070e+001
2.189537e+001	1.991895e+001
2.190740e+001	1.991895e+001
2.191793e+001	1.991836e+001
2.193570e+001	1.992051e+001
2.194500e+001	1.991914e+001
2.195771e+001	1.992051e+001
2.196934e+001	1.992012e+001
2.198164e+001	1.992441e+001
2.199709e+001	1.992539e+001
2.200707e+001	1.991953e+001
2.201746e+001	1.992402e+001
2.203332e+001	1.992559e+001
2.205260e+001	1.992519e+001
2.206285e+001	1.992090e+001
2.207215e+001	1.992715e+001
2.208473e+001	1.992813e+001
2.209908e+001	1.992754e+001
2.211316e+001	1.992930e+001
2.212602e+001	1.992598e+001
2.213832e+001	1.992813e+001
2.215295e+001	1.992852e+001
2.216361e+001	1.992773e+001
2.217332e+001	1.992910e+001
2.218767e+001	1.992715e+001
2.220162e+001	1.992754e+001
2.221570e+001	1.992637e+001
2.222527e+001	1.992695e+001
2.223908e+001	1.993145e+001
2.225125e+001	1.993145e+001
2.226438e+001	1.992910e+001
2.227600e+001	1.993106e+001
2.228830e+001	1.993613e+001
2.230266e+001	1.992871e+001
2.231551e+001	1.993516e+001
2.233164e+001	1.993477e+001
2.234326e+001	1.993887e+001
2.235187e+001	1.993535e+001
2.236527e+001	1.993887e+001
2.238072e+001	1.993789e+001
2.239248e+001	1.993652e+001
2.240232e+001	1.994043e+001
2.241422e+001	1.993926e+001
2.242994e+001	1.994297e+001
2.243910e+001	1.994414e+001
2.245250e+001	1.994629e+001
2.246959e+001	1.994531e+001
2.248381e+001	1.994394e+001
2.249379e+001	1.994863e+001
2.250486e+001	1.994160e+001
2.251498e+001	1.994590e+001
2.253193e+001	1.994316e+001
2.254438e+001	1.994414e+001
2.255463e+001	1.994356e+001
2.256830e+001	1.994531e+001
2.257924e+001	1.994121e+001
2.259168e+001	1.994492e+001
2.260658e+001	1.994375e+001
2.261561e+001	1.994375e+001
2.263434e+001	1.994356e+001
2.264732e+001	1.994707e+001
2.265826e+001	1.994805e+001
2.266729e+001	1.994453e+001
2.268260e+001	1.994805e+001
2.269682e+001	1.995039e+001
2.270721e+001	1.994883e+001
2.271883e+001	1.994531e+001
2.273400e+001	1.995020e+001
2.274754e+001	1.995176e+001
2.275779e+001	1.994981e+001
2.277023e+001	1.995391e+001
2.278432e+001	1.995371e+001
2.279785e+001	1.995547e+001
2.280810e+001	1.995234e+001
2.282014e+001	1.995801e+001
2.283326e+001	1.995020e+001
2.284994e+001	1.995020e+001
2.286156e+001	1.995313e+001
2.287455e+001	1.995273e+001
2.288412e+001	1.995293e+001
2.289506e+001	1.995410e+001
2.290873e+001	1.995527e+001
2.292185e+001	1.995508e+001
2.293334e+001	1.996152e+001
2.294988e+001	1.996133e+001
2.296027e+001	1.995586e+001
2.297490e+001	1.995859e+001
2.298570e+001	1.995723e+001
2.299869e+001	1.996289e+001
2.300881e+001	1.996367e+001
2.302234e+001	1.996523e+001
2.303902e+001	1.996348e+001
2.304805e+001	1.996680e+001
2.306144e+001	1.996992e+001
2.307402e+001	1.996406e+001
2.308824e+001	1.996680e+001
2.310027e+001	1.996875e+001
2.311408e+001	1.996621e+001
2.312666e+001	1.996172e+001
2.314143e+001	1.996543e+001
2.315400e+001	1.996172e+001
2.316808e+001	1.996543e+001
2.317861e+001	1.996582e+001
2.319283e+001	1.996484e+001
2.320459e+001	1.996973e+001
2.321676e+001	1.997031e+001
2.323262e+001	1.997168e+001
2.324314e+001	1.997344e+001
2.325805e+001	1.997148e+001
2.326994e+001	1.996992e+001
2.328389e+001	1.997090e+001
2.329619e+001	1.997129e+001
2.330836e+001	1.996934e+001
2.332135e+001	1.997070e+001
2.333461e+001	1.997383e+001
2.334432e+001	1.996895e+001
2.335826e+001	1.996699e+001
2.337084e+001	1.997051e+001
2.338478e+001	1.996953e+001
2.339695e+001	1.997051e+001
2.341090e+001	1.997285e+001
2.342252e+001	1.996856e+001
2.343510e+001	1.997109e+001
2.344699e+001	1.996973e+001
2.346162e+001	1.996875e+001
2.347516e+001	1.997051e+001
2.348814e+001	1.996992e+001
2.349717e+001	1.997344e+001
2.350851e+001	1.997031e+001
2.352328e+001	1.997519e+001
2.353531e+001	1.997852e+001
2.354830e+001	1.997734e+001
2.356183e+001	1.997988e+001
2.357482e+001	1.997852e+001
2.358576e+001	1.997656e+001
2.359957e+001	1.997813e+001
2.361283e+001	1.997793e+001
2.362445e+001	1.997637e+001
2.364058e+001	1.997949e+001
2.365221e+001	1.998828e+001
2.366301e+001	1.998203e+001
2.367558e+001	1.998066e+001
2.368871e+001	1.997988e+001
2.370484e+001	1.997832e+001
2.371469e+001	1.998242e+001
2.372508e+001	1.998418e+001
2.373875e+001	1.997988e+001
2.375242e+001	1.998125e+001
2.376801e+001	1.997930e+001
2.377826e+001	1.997871e+001
2.379029e+001	1.997910e+001
2.380055e+001	1.997637e+001
2.381736e+001	1.998086e+001
2.382748e+001	1.997578e+001
2.384101e+001	1.998242e+001
2.385400e+001	1.998418e+001
2.386453e+001	1.998262e+001
2.387752e+001	1.998164e+001
2.389146e+001	1.998145e+001
2.390391e+001	1.997559e+001
2.391525e+001	1.998359e+001
2.393357e+001	1.998184e+001
2.394287e+001	1.998652e+001
2.395285e+001	1.998535e+001
2.396939e+001	1.998340e+001
2.398211e+001	1.998008e+001
2.399496e+001	1.998711e+001
2.400166e+001	1.997813e+001
2.401684e+001	1.998359e+001
2.403051e+001	1.998457e+001
2.404377e+001	1.998496e+001
2.405484e+001	1.998340e+001
2.407125e+001	1.997988e+001
2.408164e+001	1.998281e+001
2.409476e+001	1.998086e+001
2.410693e+001	1.998301e+001
2.412074e+001	1.998262e+001
2.413277e+001	1.998457e+001
2.414535e+001	1.998652e+001
2.415725e+001	1.998828e+001
2.416818e+001	1.998945e+001
2.418623e+001	1.998535e+001
2.419813e+001	1.998340e+001
2.420947e+001	1.998672e+001
2.422314e+001	1.998457e+001
2.423353e+001	1.998574e+001
2.424584e+001	1.998418e+001
2.425978e+001	1.998145e+001
2.427113e+001	1.998711e+001
2.428767e+001	1.998535e+001
2.429601e+001	1.998125e+001
2.430955e+001	1.998809e+001
2.432090e+001	1.998359e+001
2.433334e+001	1.998203e+001
2.434865e+001	1.998320e+001
2.435740e+001	1.998340e+001
2.437039e+001	1.998281e+001
2.438652e+001	1.997969e+001
2.439445e+001	1.997852e+001
2.440990e+001	1.998203e+001
2.442084e+001	1.998184e+001
2.443492e+001	1.998457e+001
2.444709e+001	1.998633e+001
2.445953e+001	1.998340e+001
2.447293e+001	1.998438e+001
2.448646e+001	1.998398e+001
2.449986e+001	1.998633e+001
2.451271e+001	1.998320e+001
2.452420e+001	1.998730e+001
2.453404e+001	1.998555e+001
2.455100e+001	1.998301e+001
2.456152e+001	1.998398e+001
2.457560e+001	1.998594e+001
2.458873e+001	1.998164e+001
2.460117e+001	1.998027e+001
2.461498e+001	1.998223e+001
2.462742e+001	1.998203e+001
2.463686e+001	1.997988e+001
2.464875e+001	1.998027e+001
2.466420e+001	1.998066e+001
2.467678e+001	1.998086e+001
2.468812e+001	1.997910e+001
2.470111e+001	1.997832e+001
2.471560e+001	1.998047e+001
2.472668e+001	1.997891e+001
2.474049e+001	1.998008e+001
2.474787e+001	1.998496e+001
2.476537e+001	1.998262e+001
2.477877e+001	1.998106e+001
2.478615e+001	1.998086e+001
2.480064e+001	1.998184e+001
2.481227e+001	1.998106e+001
2.482813e+001	1.997852e+001
2.484221e+001	1.997715e+001
2.485082e+001	1.997988e+001
2.486586e+001	1.997793e+001
2.488035e+001	1.997773e+001
2.489416e+001	1.997598e+001
2.490496e+001	1.997715e+001
2.491713e+001	1.997598e+001
2.493381e+001	1.997539e+001
2.494434e+001	1.997109e+001
2.495582e+001	1.997617e+001
2.496840e+001	1.997481e+001
2.498275e+001	1.997207e+001
2.499533e+001	1.997168e+001
2.500764e+001	1.997090e+001
2.501939e+001	1.997539e+001
2.502992e+001	1.997363e+001
2.504633e+001	1.997285e+001
2.505385e+001	1.997422e+001
2.507039e+001	1.997500e+001
2.508461e+001	1.997402e+001
2.509650e+001	1.997539e+001
2.510936e+001	1.997324e+001
2.511865e+001	1.997109e+001
2.513574e+001	1.997188e+001
2.514627e+001	1.996738e+001
2.516021e+001	1.996875e+001
2.517047e+001	1.997031e+001
2.518428e+001	1.997090e+001
2.519549e+001	1.997148e+001
2.521258e+001	1.996875e+001
2.522488e+001	1.996543e+001
2.523596e+001	1.996602e+001
2.525127e+001	1.996660e+001
2.526016e+001	1.996816e+001
2.527437e+001	1.996836e+001
2.528613e+001	1.996562e+001
2.529857e+001	1.996758e+001
2.531334e+001	1.996777e+001
2.532715e+001	1.996328e+001
2.534055e+001	1.995644e+001
2.535572e+001	1.996445e+001
2.536570e+001	1.995898e+001
2.537650e+001	1.996504e+001
2.538895e+001	1.996543e+001
2.540521e+001	1.996289e+001
2.542039e+001	1.996348e+001
2.542859e+001	1.995879e+001
2.544568e+001	1.996094e+001
2.545621e+001	1.995957e+001
2.546879e+001	1.996055e+001
2.548178e+001	1.995547e+001
2.549271e+001	1.995723e+001
2.550502e+001	1.995527e+001
2.552252e+001	1.994844e+001
2.552935e+001	1.995371e+001
2.554426e+001	1.994883e+001
2.555861e+001	1.994766e+001
2.557064e+001	1.994902e+001
2.558650e+001	1.994668e+001
2.559498e+001	1.994902e+001
2.560797e+001	1.994551e+001
2.562068e+001	1.994707e+001
2.563353e+001	1.993809e+001
2.564625e+001	1.994375e+001
2.565732e+001	1.994394e+001
2.566840e+001	1.994336e+001
2.568139e+001	1.994473e+001
2.569287e+001	1.994004e+001
2.570381e+001	1.994453e+001
2.571994e+001	1.994063e+001
2.573430e+001	1.994004e+001
2.574715e+001	1.993984e+001
2.576068e+001	1.993516e+001
2.577408e+001	1.992852e+001
2.578680e+001	1.993613e+001
2.579746e+001	1.993203e+001
2.580963e+001	1.993359e+001
2.582412e+001	1.992539e+001
2.583492e+001	1.992383e+001
2.584777e+001	1.992363e+001
2.585816e+001	1.992305e+001
2.587156e+001	1.992285e+001
2.588264e+001	1.992305e+001
2.589904e+001	1.991797e+001
2.591080e+001	1.992168e+001
2.592365e+001	1.991836e+001
2.593773e+001	1.991660e+001
2.594963e+001	1.991856e+001
2.596016e+001	1.991445e+001
2.597287e+001	1.991465e+001
2.598504e+001	1.991328e+001
2.599762e+001	1.991152e+001
2.601197e+001	1.991387e+001
2.602291e+001	1.990703e+001
2.603973e+001	1.991113e+001
2.604902e+001	1.990898e+001
2.606256e+001	1.990195e+001
2.607527e+001	1.990254e+001
2.609017e+001	1.990078e+001
2.610029e+001	1.989981e+001
2.611711e+001	1.989785e+001
2.612941e+001	1.989063e+001
2.613912e+001	1.988770e+001
2.615252e+001	1.988652e+001
2.616660e+001	1.988223e+001
2.617904e+001	1.988320e+001
2.618984e+001	1.988164e+001
2.620283e+001	1.988144e+001
2.621664e+001	1.987910e+001
2.622963e+001	1.987598e+001
2.623961e+001	1.987207e+001
2.625643e+001	1.987441e+001
2.626818e+001	1.986992e+001
2.627898e+001	1.986543e+001
2.629225e+001	1.986348e+001
2.630578e+001	1.986387e+001
2.631877e+001	1.986191e+001
2.632998e+001	1.985684e+001
2.634269e+001	1.985879e+001
2.635213e+001	1.985527e+001
2.636525e+001	1.985391e+001
2.637961e+001	1.984824e+001
2.639301e+001	1.984590e+001
2.640408e+001	1.984570e+001
2.641379e+001	1.983535e+001
2.642459e+001	1.983711e+001
2.643580e+001	1.983262e+001
2.644756e+001	1.983066e+001
2.646246e+001	1.982656e+001
2.647189e+001	1.982246e+001
2.648584e+001	1.981641e+001
2.650088e+001	1.981816e+001
2.651168e+001	1.981582e+001
2.652754e+001	1.981211e+001
2.653820e+001	1.980918e+001
2.655269e+001	1.980449e+001
2.656828e+001	1.979512e+001
2.657867e+001	1.979414e+001
2.659057e+001	1.979023e+001
2.660082e+001	1.979082e+001
2.661258e+001	1.978633e+001
2.662652e+001	1.978574e+001
2.663965e+001	1.978008e+001
2.665195e+001	1.977383e+001
2.666453e+001	1.977051e+001
2.667547e+001	1.976484e+001
2.668736e+001	1.975859e+001
2.670199e+001	1.976231e+001
2.671484e+001	1.975332e+001
2.672906e+001	1.974414e+001
2.674260e+001	1.974277e+001
2.675449e+001	1.973789e+001
2.676324e+001	1.973555e+001
2.677842e+001	1.973145e+001
2.679072e+001	1.972539e+001
2.680494e+001	1.972402e+001
2.681506e+001	1.971816e+001
2.682996e+001	1.971621e+001
2.684391e+001	1.970781e+001
2.685389e+001	1.969902e+001
2.686988e+001	1.969375e+001
2.688000e+001	1.968906e+001
2.689408e+001	1.968106e+001
2.690598e+001	1.967930e+001
2.691486e+001	1.966953e+001
2.693127e+001	1.966816e+001
2.694344e+001	1.965156e+001
2.695629e+001	1.964824e+001
2.696928e+001	1.963906e+001
2.697857e+001	1.963418e+001
2.699225e+001	1.962227e+001
2.700482e+001	1.961504e+001
2.701699e+001	1.961035e+001
2.702916e+001	1.960176e+001
2.704502e+001	1.958906e+001
2.705514e+001	1.958164e+001
2.706853e+001	1.957148e+001
2.707988e+001	1.957148e+001
2.709055e+001	1.955898e+001
2.710517e+001	1.955469e+001
2.711775e+001	1.954121e+001
2.713020e+001	1.953457e+001
2.714264e+001	1.952481e+001
2.715576e+001	1.951602e+001
2.716752e+001	1.950391e+001
2.718352e+001	1.949063e+001
2.719650e+001	1.948516e+001
2.720936e+001	1.947227e+001
2.722180e+001	1.946133e+001
2.723492e+001	1.945000e+001
2.724805e+001	1.943984e+001
2.725953e+001	1.943066e+001
2.727334e+001	1.941328e+001
2.728387e+001	1.940645e+001
2.729918e+001	1.939004e+001
2.730984e+001	1.938047e+001
2.732228e+001	1.936934e+001
2.733678e+001	1.935547e+001
2.734812e+001	1.934297e+001
2.736344e+001	1.932891e+001
2.737588e+001	1.931602e+001
2.738613e+001	1.930039e+001
2.740199e+001	1.928769e+001
2.741184e+001	1.927481e+001
2.742537e+001	1.926289e+001
2.743658e+001	1.924981e+001
2.744834e+001	1.923848e+001
2.746215e+001	1.921816e+001
2.747828e+001	1.920254e+001
2.749031e+001	1.919356e+001
2.750275e+001	1.917773e+001
2.751807e+001	1.916309e+001
2.753406e+001	1.913906e+001
2.754336e+001	1.912598e+001
2.755854e+001	1.911289e+001
2.757125e+001	1.909453e+001
2.758355e+001	1.907422e+001
2.759709e+001	1.905742e+001
2.760748e+001	1.904102e+001
2.762225e+001	1.902520e+001
2.763482e+001	1.900430e+001
2.764193e+001	1.899102e+001
2.765861e+001	1.897344e+001
2.766982e+001	1.895215e+001
2.768418e+001	1.893516e+001
2.769813e+001	1.891504e+001
2.770810e+001	1.889531e+001
2.771918e+001	1.887617e+001
2.773258e+001	1.885723e+001
2.774639e+001	1.883984e+001
2.775896e+001	1.882070e+001
2.777346e+001	1.879863e+001
2.777920e+001	1.878086e+001
2.780025e+001	1.875527e+001
2.780955e+001	1.873613e+001
2.782254e+001	1.870781e+001
2.783635e+001	1.868594e+001
2.785016e+001	1.866543e+001
2.786123e+001	1.863906e+001
2.787709e+001	1.861758e+001
2.789035e+001	1.859121e+001
2.790101e+001	1.856523e+001
2.791359e+001	1.854375e+001
2.792494e+001	1.852148e+001
2.793725e+001	1.849297e+001
2.795215e+001	1.847090e+001
2.796391e+001	1.844394e+001
2.797826e+001	1.842051e+001
2.798769e+001	1.839453e+001
2.800014e+001	1.836992e+001
2.801285e+001	1.834219e+001
2.802543e+001	1.831836e+001
2.804156e+001	1.829336e+001
2.805195e+001	1.826641e+001
2.806193e+001	1.823652e+001
2.807738e+001	1.820840e+001
2.809092e+001	1.817734e+001
2.810008e+001	1.815547e+001
2.811594e+001	1.811973e+001
2.812564e+001	1.809062e+001
2.814082e+001	1.806406e+001
2.814971e+001	1.803516e+001
2.816461e+001	1.800059e+001
2.817992e+001	1.796934e+001
2.819154e+001	1.793789e+001
2.820357e+001	1.790566e+001
2.821834e+001	1.788535e+001
2.822805e+001	1.785098e+001
2.823953e+001	1.782324e+001
2.824869e+001	1.779043e+001
2.826660e+001	1.775977e+001
2.827986e+001	1.772656e+001
2.828998e+001	1.768965e+001
2.830133e+001	1.765801e+001
2.831500e+001	1.762305e+001
2.833031e+001	1.759316e+001
2.834111e+001	1.755801e+001
2.835014e+001	1.752344e+001
2.836463e+001	1.748730e+001
2.837980e+001	1.745020e+001
2.839101e+001	1.741406e+001
2.840250e+001	1.737246e+001
2.841535e+001	1.733359e+001
2.842998e+001	1.729727e+001
2.844283e+001	1.725508e+001
2.845391e+001	1.721875e+001
2.847031e+001	1.717519e+001
2.848453e+001	1.713125e+001
2.849506e+001	1.709590e+001
2.850750e+001	1.705254e+001
2.852391e+001	1.700762e+001
2.853594e+001	1.696797e+001
2.854674e+001	1.693145e+001
2.855973e+001	1.688809e+001
2.857271e+001	1.684824e+001
2.858529e+001	1.679961e+001
2.859705e+001	1.675547e+001
2.860799e+001	1.671133e+001
2.861988e+001	1.667285e+001
2.863492e+001	1.662832e+001
2.864176e+001	1.637441e+001
2.864518e+001	1.640996e+001
2.866063e+001	1.660820e+001
2.867484e+001	1.653008e+001
2.868961e+001	1.644863e+001
2.870342e+001	1.639316e+001
2.871859e+001	1.634434e+001
2.873240e+001	1.628809e+001
2.874320e+001	1.623457e+001
2.875906e+001	1.617715e+001
2.877164e+001	1.613047e+001
2.878504e+001	1.608066e+001
2.879857e+001	1.601660e+001
2.881033e+001	1.597519e+001
2.882264e+001	1.594297e+001
2.883672e+001	1.588750e+001
2.885080e+001	1.583047e+001
2.886680e+001	1.577051e+001
2.887691e+001	1.571211e+001
2.888826e+001	1.565742e+001
2.890221e+001	1.559492e+001
2.891383e+001	1.554434e+001
2.892545e+001	1.550469e+001
2.893857e+001	1.544609e+001
2.894473e+001	1.539375e+001
2.896195e+001	1.533262e+001
2.897508e+001	1.527031e+001
2.898848e+001	1.521172e+001
2.900229e+001	1.514785e+001
2.901445e+001	1.508867e+001
2.902799e+001	1.503711e+001
2.903988e+001	1.497578e+001
2.904973e+001	1.491367e+001
2.906572e+001	1.484199e+001
2.907543e+001	1.478262e+001
2.909006e+001	1.472598e+001
2.910141e+001	1.465527e+001
2.911494e+001	1.459902e+001
2.912807e+001	1.454844e+001
2.914160e+001	1.448242e+001
2.915049e+001	1.441152e+001
2.916566e+001	1.433516e+001
2.918098e+001	1.426172e+001
2.919424e+001	1.418672e+001
2.920340e+001	1.411504e+001
2.921666e+001	1.404629e+001
2.923020e+001	1.398535e+001
2.924045e+001	1.391582e+001
2.925275e+001	1.385254e+001
2.926629e+001	1.377813e+001
2.928187e+001	1.370098e+001
2.929213e+001	1.362207e+001
2.930853e+001	1.354570e+001
2.931769e+001	1.346680e+001
2.933219e+001	1.339609e+001
2.934244e+001	1.332598e+001
2.935352e+001	1.325234e+001
2.936705e+001	1.316797e+001
2.938236e+001	1.308320e+001
2.939604e+001	1.300820e+001
2.940779e+001	1.292090e+001
2.942064e+001	1.283887e+001
2.943049e+001	1.276367e+001
2.944361e+001	1.268750e+001
2.945715e+001	1.259883e+001
2.947014e+001	1.250469e+001
2.948436e+001	1.241035e+001
2.949611e+001	1.232598e+001
2.951197e+001	1.222754e+001
2.952223e+001	1.212695e+001
2.953453e+001	1.203359e+001
2.954519e+001	1.193184e+001
2.955736e+001	5.866016e+000
2.956803e+001	2.050800e-002
