Material: 6061-T6 Aluminum
Tension Test Strain Rate: 0.001/s
Extensometer Gauge Length = 12.70 mm (neck formed between extensometer)
Gauge Length (postn): Lo = 50.80 mm
Initial Diamter: Do = 6.35 mm
Disp.(mm)	Force(kN)	Extensometer(mm)
0.000000e+000	0.000000e+000	0.000000e+000
1.080000e-002	3.400450e-001	2.103190e-003
1.800000e-002	5.232100e-001	3.294980e-003
2.480000e-002	7.493500e-001	4.258460e-003
3.740000e-002	1.070917e+000	6.097620e-003
5.010000e-002	1.414330e+000	8.123310e-003
6.100000e-002	1.710240e+000	1.013991e-002
7.050000e-002	1.972940e+000	1.144671e-002
8.080000e-002	2.242360e+000	1.311511e-002
9.170000e-002	2.497910e+000	1.485311e-002
9.980000e-002	2.738800e+000	1.620361e-002
1.100000e-001	3.002260e+000	1.783801e-002
1.199000e-001	3.228870e+000	1.922601e-002
1.299000e-001	3.467380e+000	2.082181e-002
1.390000e-001	3.709080e+000	2.212501e-002
1.477000e-001	3.938850e+000	2.358871e-002
1.582000e-001	4.178170e+000	2.475801e-002
1.672000e-001	4.414380e+000	2.639981e-002
1.830000e-001	4.780110e+000	2.857621e-002
2.003000e-001	5.167990e+000	3.136191e-002
2.127000e-001	5.469410e+000	3.299281e-002
2.186000e-001	5.605790e+000	3.371461e-002
2.252000e-001	5.717690e+000	3.427421e-002
2.326000e-001	5.866970e+000	3.529701e-002
2.398000e-001	6.021500e+000	3.650881e-002
2.472000e-001	6.191340e+000	3.731541e-002
2.584000e-001	6.438880e+000	3.878401e-002
2.705000e-001	6.692350e+000	4.043241e-002
2.839000e-001	6.944210e+000	4.185371e-002
2.949000e-001	7.184950e+000	4.366681e-002
3.056000e-001	7.392700e+000	4.487071e-002
3.168000e-001	7.595330e+000	4.620901e-002
3.280000e-001	7.791220e+000	4.751101e-002
3.378000e-001	7.973700e+000	4.876091e-002
3.465000e-001	8.135650e+000	4.943011e-002
3.546000e-001	8.300010e+000	5.039721e-002
3.661000e-001	8.443590e+000	5.158301e-002
3.744000e-001	8.583840e+000	5.272751e-002
3.852000e-001	8.711250e+000	5.372491e-002
3.953000e-001	8.820620e+000	5.523891e-002
4.044000e-001	8.910300e+000	5.679521e-002
4.143000e-001	8.992430e+000	5.821771e-002
4.246000e-001	9.046940e+000	6.048991e-002
4.357000e-001	9.101360e+000	6.246651e-002
4.463000e-001	9.153250e+000	6.526311e-002
4.549000e-001	9.187730e+000	6.743651e-002
4.665000e-001	9.220660e+000	6.952461e-002
4.755000e-001	9.242500e+000	7.197111e-002
4.872000e-001	9.253620e+000	7.461751e-002
4.956000e-001	9.289470e+000	7.700171e-002
5.075000e-001	9.311680e+000	7.959181e-002
5.186000e-001	9.315460e+000	8.245801e-002
5.277000e-001	9.333430e+000	8.460841e-002
5.399000e-001	9.354920e+000	8.816381e-002
5.509000e-001	9.355630e+000	9.088411e-002
5.641000e-001	9.378670e+000	9.409491e-002
5.743000e-001	9.397120e+000	9.707321e-002
5.852000e-001	9.396910e+000	9.997201e-002
5.968000e-001	9.410800e+000	1.030130e-001
6.076000e-001	9.430740e+000	1.057570e-001
6.181000e-001	9.419020e+000	1.085010e-001
6.278000e-001	9.435740e+000	1.112990e-001
6.386000e-001	9.430740e+000	1.140200e-001
6.484000e-001	9.438480e+000	1.167590e-001
6.584000e-001	9.448950e+000	1.195240e-001
6.694000e-001	9.468820e+000	1.223490e-001
6.804000e-001	9.465100e+000	1.251240e-001
6.897000e-001	9.467540e+000	1.279110e-001
6.999000e-001	9.478630e+000	1.304290e-001
7.093000e-001	9.478240e+000	1.329320e-001
7.193000e-001	9.482230e+000	1.356240e-001
7.268000e-001	9.505570e+000	1.381800e-001
7.370000e-001	9.503600e+000	1.409250e-001
7.476000e-001	9.516980e+000	1.431340e-001
7.572000e-001	9.511650e+000	1.458140e-001
7.665000e-001	9.513620e+000	1.486280e-001
7.762000e-001	9.527590e+000	1.509520e-001
7.866000e-001	9.528790e+000	1.536840e-001
7.955000e-001	9.524170e+000	1.563560e-001
8.064000e-001	9.533460e+000	1.590530e-001
8.158000e-001	9.537760e+000	1.618680e-001
8.247000e-001	9.531590e+000	1.644830e-001
8.354000e-001	9.543600e+000	1.669720e-001
8.468000e-001	9.542550e+000	1.701470e-001
8.565000e-001	9.541510e+000	1.727050e-001
8.675000e-001	9.551550e+000	1.756370e-001
8.772000e-001	9.562100e+000	1.781500e-001
8.872000e-001	9.556320e+000	1.809110e-001
8.974000e-001	9.562910e+000	1.834630e-001
9.076000e-001	9.570000e+000	1.864110e-001
9.189000e-001	9.567830e+000	1.890100e-001
9.282000e-001	9.564190e+000	1.920880e-001
9.405000e-001	9.586450e+000	1.950570e-001
9.498000e-001	9.584280e+000	1.980800e-001
9.616000e-001	9.583380e+000	2.011800e-001
9.707000e-001	9.601830e+000	2.039940e-001
9.826000e-001	9.587200e+000	2.069810e-001
9.931000e-001	9.597630e+000	2.096590e-001
1.003700e+000	9.599830e+000	2.125680e-001
1.016100e+000	9.595510e+000	2.153770e-001
1.025900e+000	9.601920e+000	2.186450e-001
1.034800e+000	9.607970e+000	2.210920e-001
1.046800e+000	9.611340e+000	2.241040e-001
1.057000e+000	9.616400e+000	2.270120e-001
1.069100e+000	9.617390e+000	2.297460e-001
1.077000e+000	9.617920e+000	2.323250e-001
1.089400e+000	9.612890e+000	2.354230e-001
1.099800e+000	9.624060e+000	2.383170e-001
1.110500e+000	9.618820e+000	2.410420e-001
1.120800e+000	9.615750e+000	2.439240e-001
1.130900e+000	9.633570e+000	2.463130e-001
1.140800e+000	9.636760e+000	2.491910e-001
1.151800e+000	9.637000e+000	2.517460e-001
1.160700e+000	9.640460e+000	2.544340e-001
1.171300e+000	9.653900e+000	2.568770e-001
1.180600e+000	9.648350e+000	2.592010e-001
1.191800e+000	9.651960e+000	2.622960e-001
1.200900e+000	9.648110e+000	2.649280e-001
1.212500e+000	9.658040e+000	2.675210e-001
1.222900e+000	9.662180e+000	2.696100e-001
1.233600e+000	9.654250e+000	2.729390e-001
1.244900e+000	9.651990e+000	2.755240e-001
1.254700e+000	9.673630e+000	2.784460e-001
1.263900e+000	9.677980e+000	2.809650e-001
1.275700e+000	9.664390e+000	2.835870e-001
1.285400e+000	9.674400e+000	2.864280e-001
1.295300e+000	9.681430e+000	2.889350e-001
1.306400e+000	9.687570e+000	2.917120e-001
1.314400e+000	9.684380e+000	2.941470e-001
1.326100e+000	9.684710e+000	2.966100e-001
1.335900e+000	9.696070e+000	2.992930e-001
1.345700e+000	9.699790e+000	3.022730e-001
1.355600e+000	9.696070e+000	3.047620e-001
1.366900e+000	9.706620e+000	3.073290e-001
1.376800e+000	9.699550e+000	3.100120e-001
1.387800e+000	9.700210e+000	3.127300e-001
1.398900e+000	9.706470e+000	3.156230e-001
1.410000e+000	9.708370e+000	3.178290e-001
1.421500e+000	9.702300e+000	3.207390e-001
1.429800e+000	9.718510e+000	3.231290e-001
1.440800e+000	9.717430e+000	3.259640e-001
1.449400e+000	9.716540e+000	3.285720e-001
1.461500e+000	9.713020e+000	3.311490e-001
1.472100e+000	9.726410e+000	3.338870e-001
1.482500e+000	9.715940e+000	3.365760e-001
1.492500e+000	9.730610e+000	3.389240e-001
1.502700e+000	9.737340e+000	3.417630e-001
1.514500e+000	9.736750e+000	3.445140e-001
1.525200e+000	9.735820e+000	3.473680e-001
1.535600e+000	9.748850e+000	3.501930e-001
1.547000e+000	9.733620e+000	3.529470e-001
1.556700e+000	9.743420e+000	3.555110e-001
1.568600e+000	9.747620e+000	3.581100e-001
1.578700e+000	9.740470e+000	3.609750e-001
1.589600e+000	9.748460e+000	3.637430e-001
1.599600e+000	9.745840e+000	3.662120e-001
1.610100e+000	9.748370e+000	3.687090e-001
1.621300e+000	9.761540e+000	3.717600e-001
1.631000e+000	9.758800e+000	3.743100e-001
1.640200e+000	9.758530e+000	3.770990e-001
1.652300e+000	9.764340e+000	3.796730e-001
1.662100e+000	9.774630e+000	3.824410e-001
1.673200e+000	9.768280e+000	3.849870e-001
1.683600e+000	9.768370e+000	3.878540e-001
1.693400e+000	9.781600e+000	3.903390e-001
1.705200e+000	9.777370e+000	3.931600e-001
1.713800e+000	9.777310e+000	3.956510e-001
1.724500e+000	9.788270e+000	3.980010e-001
1.735400e+000	9.778230e+000	4.007020e-001
1.745300e+000	9.783150e+000	4.031030e-001
1.755200e+000	9.792980e+000	4.057700e-001
1.765500e+000	9.788690e+000	4.085840e-001
1.776000e+000	9.793790e+000	4.112900e-001
1.787700e+000	9.799600e+000	4.138680e-001
1.798200e+000	9.799420e+000	4.167110e-001
1.809200e+000	9.804640e+000	4.193760e-001
1.820200e+000	9.810090e+000	4.217510e-001
1.829100e+000	9.811700e+000	4.243730e-001
1.840900e+000	9.805920e+000	4.274130e-001
1.851900e+000	9.812380e+000	4.297730e-001
1.861800e+000	9.814470e+000	4.324970e-001
1.871000e+000	9.818140e+000	4.352470e-001
1.882800e+000	9.822640e+000	4.378200e-001
1.894100e+000	9.820070e+000	4.404860e-001
1.903300e+000	9.827260e+000	4.430630e-001
1.913700e+000	9.836410e+000	4.456130e-001
1.926500e+000	9.823020e+000	4.483100e-001
1.934900e+000	9.828980e+000	4.508360e-001
1.944300e+000	9.842930e+000	4.531280e-001
1.955800e+000	9.834260e+000	4.558320e-001
1.966100e+000	9.837420e+000	4.587380e-001
1.977000e+000	9.841650e+000	4.612160e-001
1.986800e+000	9.837240e+000	4.637540e-001
1.997600e+000	9.842400e+000	4.661700e-001
2.006700e+000	9.848330e+000	4.686920e-001
2.017800e+000	9.852230e+000	4.713760e-001
2.029300e+000	9.847850e+000	4.741370e-001
2.038900e+000	9.861830e+000	4.766720e-001
2.049500e+000	9.863970e+000	4.795490e-001
2.059300e+000	9.862780e+000	4.821390e-001
2.070000e+000	9.881320e+000	4.849780e-001
2.081000e+000	9.874190e+000	4.875200e-001
2.093500e+000	9.876940e+000	4.903580e-001
2.103600e+000	9.871990e+000	4.933240e-001
2.114100e+000	9.877440e+000	4.959020e-001
2.126100e+000	9.884210e+000	4.987450e-001
2.135600e+000	9.876730e+000	5.015020e-001
2.146700e+000	9.876670e+000	5.042720e-001
2.158000e+000	9.885790e+000	5.069490e-001
2.169100e+000	9.888290e+000	5.096640e-001
2.178800e+000	9.885520e+000	5.124680e-001
2.190800e+000	9.900300e+000	5.151190e-001
2.202000e+000	9.895320e+000	5.180380e-001
2.211800e+000	9.889630e+000	5.205750e-001
2.222900e+000	9.895240e+000	5.234140e-001
2.233900e+000	9.889720e+000	5.259840e-001
2.243100e+000	9.902450e+000	5.284520e-001
2.254700e+000	9.899140e+000	5.314320e-001
2.264100e+000	9.914850e+000	5.339320e-001
2.272900e+000	9.914070e+000	5.360890e-001
2.285200e+000	9.896760e+000	5.391110e-001
2.295000e+000	9.911150e+000	5.417120e-001
2.304800e+000	9.923400e+000	5.442330e-001
2.315600e+000	9.921970e+000	5.470310e-001
2.327200e+000	9.925220e+000	5.496300e-001
2.337300e+000	9.920090e+000	5.525800e-001
2.349500e+000	9.929420e+000	5.551410e-001
2.358700e+000	9.941400e+000	5.576580e-001
2.370500e+000	9.932970e+000	5.603820e-001
2.379200e+000	9.925340e+000	5.629640e-001
2.390700e+000	9.946410e+000	5.657800e-001
2.402500e+000	9.924230e+000	5.684950e-001
2.413200e+000	9.934930e+000	5.711790e-001
2.425100e+000	9.943460e+000	5.738400e-001
2.434700e+000	9.935170e+000	5.767570e-001
2.443500e+000	9.935980e+000	5.789500e-001
2.454400e+000	9.948460e+000	5.818400e-001
2.464600e+000	9.957970e+000	5.842850e-001
2.475700e+000	9.963630e+000	5.871500e-001
2.486600e+000	9.954180e+000	5.895500e-001
2.496700e+000	9.947810e+000	5.923760e-001
2.507400e+000	9.955850e+000	5.948230e-001
2.517400e+000	9.969530e+000	5.976020e-001
2.528300e+000	9.967680e+000	6.002670e-001
2.540100e+000	9.954510e+000	6.028550e-001
2.548000e+000	9.976180e+000	6.051770e-001
2.557500e+000	9.967630e+000	6.078870e-001
2.568500e+000	9.969170e+000	6.102120e-001
2.581100e+000	9.972450e+000	6.135010e-001
2.591200e+000	9.973140e+000	6.160890e-001
2.602000e+000	9.971740e+000	6.189480e-001
2.612900e+000	9.985890e+000	6.215950e-001
2.623700e+000	9.973320e+000	6.245400e-001
2.636000e+000	9.994780e+000	6.271230e-001
2.645600e+000	9.981390e+000	6.300680e-001
2.657000e+000	9.982560e+000	6.331150e-001
2.667100e+000	9.986130e+000	6.358050e-001
2.677600e+000	1.001218e+001	6.384030e-001
2.689000e+000	1.000482e+001	6.413250e-001
2.700200e+000	9.988640e+000	6.441070e-001
2.710500e+000	1.001024e+001	6.470230e-001
2.722400e+000	9.991740e+000	6.497310e-001
2.733900e+000	9.993850e+000	6.523310e-001
2.744500e+000	1.001325e+001	6.551630e-001
2.754600e+000	1.000074e+001	6.581530e-001
2.764000e+000	1.001179e+001	6.605730e-001
2.777000e+000	1.000351e+001	6.634210e-001
2.786700e+000	1.001191e+001	6.662310e-001
2.797000e+000	1.001239e+001	6.690750e-001
2.809600e+000	1.000613e+001	6.716670e-001
2.818800e+000	1.001236e+001	6.742540e-001
2.828900e+000	1.001322e+001	6.767500e-001
2.839600e+000	1.003283e+001	6.796270e-001
2.850900e+000	1.001143e+001	6.828140e-001
2.861500e+000	1.002282e+001	6.852160e-001
2.872200e+000	1.003015e+001	6.879090e-001
2.882200e+000	1.003024e+001	6.907870e-001
2.893400e+000	1.002333e+001	6.937090e-001
2.903300e+000	1.003501e+001	6.962780e-001
2.914900e+000	1.003954e+001	6.989780e-001
2.926700e+000	1.002830e+001	7.019470e-001
2.936200e+000	1.004034e+001	7.044940e-001
2.946900e+000	1.003715e+001	7.074860e-001
2.958800e+000	1.003572e+001	7.100460e-001
2.968700e+000	1.004592e+001	7.128940e-001
2.980300e+000	1.003808e+001	7.159490e-001
2.989600e+000	1.004621e+001	7.184380e-001
3.001500e+000	1.005161e+001	7.214580e-001
3.012200e+000	1.003590e+001	7.239930e-001
3.021200e+000	1.005521e+001	7.269350e-001
3.032800e+000	1.005387e+001	7.296250e-001
3.043800e+000	1.004767e+001	7.319690e-001
3.053500e+000	1.005980e+001	7.348290e-001
3.065600e+000	1.007062e+001	7.373760e-001
3.074400e+000	1.006579e+001	7.403490e-001
3.084800e+000	1.005569e+001	7.428420e-001
3.094400e+000	1.006395e+001	7.457500e-001
3.106400e+000	1.007095e+001	7.481050e-001
3.116000e+000	1.006198e+001	7.513110e-001
3.128100e+000	1.007032e+001	7.540060e-001
3.137800e+000	1.007158e+001	7.571140e-001
3.150300e+000	1.007694e+001	7.595420e-001
3.160300e+000	1.008224e+001	7.624530e-001
3.171000e+000	1.006463e+001	7.658730e-001
3.181000e+000	1.008129e+001	7.686730e-001
3.193900e+000	1.008004e+001	7.716100e-001
3.203400e+000	1.007479e+001	7.747880e-001
3.213000e+000	1.009765e+001	7.773970e-001
3.224600e+000	1.010141e+001	7.802380e-001
3.238900e+000	1.008239e+001	7.832960e-001
3.247900e+000	1.009232e+001	7.861760e-001
3.259900e+000	1.010001e+001	7.893700e-001
3.270000e+000	1.008430e+001	7.921990e-001
3.280600e+000	1.010004e+001	7.949650e-001
3.292600e+000	1.010287e+001	7.980870e-001
3.304000e+000	1.009053e+001	8.009090e-001
3.315000e+000	1.009363e+001	8.038900e-001
3.324900e+000	1.010421e+001	8.068530e-001
3.338100e+000	1.008886e+001	8.099200e-001
3.348000e+000	1.008919e+001	8.128710e-001
3.357500e+000	1.010013e+001	8.156410e-001
3.367800e+000	1.009622e+001	8.180860e-001
3.379300e+000	1.010531e+001	8.212540e-001
3.389900e+000	1.010519e+001	8.238180e-001
3.400500e+000	1.010677e+001	8.268590e-001
3.410600e+000	1.011050e+001	8.299020e-001
3.422000e+000	1.011916e+001	8.328620e-001
3.433900e+000	1.011327e+001	8.358060e-001
3.445300e+000	1.011366e+001	8.388880e-001
3.454900e+000	1.011398e+001	8.417960e-001
3.467900e+000	1.011449e+001	8.447530e-001
3.478400e+000	1.012296e+001	8.475260e-001
3.487200e+000	1.011211e+001	8.505310e-001
3.499200e+000	1.010966e+001	8.533960e-001
3.508500e+000	1.011679e+001	8.564110e-001
3.519500e+000	1.012626e+001	8.590340e-001
3.531700e+000	1.011357e+001	8.623340e-001
3.541300e+000	1.012046e+001	8.653430e-001
3.552700e+000	1.012956e+001	8.679990e-001
3.563300e+000	1.013546e+001	8.709000e-001
3.574600e+000	1.012566e+001	8.743820e-001
3.586100e+000	1.012236e+001	8.770290e-001
3.596400e+000	1.012996e+001	8.798570e-001
3.606700e+000	1.013176e+001	8.828420e-001
3.616800e+000	1.013956e+001	8.856780e-001
3.626700e+000	1.013326e+001	8.884660e-001
3.637500e+000	1.011282e+001	8.915020e-001
3.648900e+000	1.013646e+001	8.945820e-001
3.658200e+000	1.014356e+001	8.973050e-001
3.669400e+000	1.013166e+001	9.002330e-001
3.679100e+000	1.014416e+001	9.029820e-001
3.691900e+000	1.015056e+001	9.065880e-001
3.702900e+000	1.014566e+001	9.095950e-001
3.713400e+000	1.016366e+001	9.126530e-001
3.724500e+000	1.014106e+001	9.160190e-001
3.735700e+000	1.015166e+001	9.190180e-001
3.746800e+000	1.015426e+001	9.219090e-001
3.758000e+000	1.014666e+001	9.251820e-001
3.769600e+000	1.014496e+001	9.287780e-001
3.780700e+000	1.015806e+001	9.318450e-001
3.791400e+000	1.014296e+001	9.348950e-001
3.801800e+000	1.015256e+001	9.382340e-001
3.812900e+000	1.016096e+001	9.414610e-001
3.824300e+000	1.014426e+001	9.448390e-001
3.834000e+000	1.015186e+001	9.478070e-001
3.845300e+000	1.016546e+001	9.509730e-001
3.857400e+000	1.015936e+001	9.543010e-001
3.869000e+000	1.014326e+001	9.577260e-001
3.878100e+000	1.015576e+001	9.607730e-001
3.891500e+000	1.014936e+001	9.642930e-001
3.900400e+000	1.015276e+001	9.673530e-001
3.911400e+000	1.015026e+001	9.704210e-001
3.921300e+000	1.015346e+001	9.736260e-001
3.932500e+000	1.015096e+001	9.768650e-001
3.943800e+000	1.017096e+001	9.801240e-001
3.956500e+000	1.014526e+001	9.834740e-001
3.966100e+000	1.017666e+001	9.866990e-001
3.979000e+000	1.016916e+001	9.901750e-001
3.989700e+000	1.016586e+001	9.936750e-001
4.000600e+000	1.016546e+001	9.968980e-001
4.012400e+000	1.016606e+001	1.000440e+000
4.022200e+000	1.017236e+001	1.003580e+000
4.033100e+000	1.017416e+001	1.006950e+000
4.044900e+000	1.017016e+001	1.010520e+000
4.056700e+000	1.016336e+001	1.013550e+000
4.066900e+000	1.017396e+001	1.017280e+000
4.077600e+000	1.018086e+001	1.020200e+000
4.089600e+000	1.016346e+001	1.023900e+000
4.098300e+000	1.018206e+001	1.027410e+000
4.111200e+000	1.016506e+001	1.030910e+000
4.119500e+000	1.017936e+001	1.033880e+000
4.132600e+000	1.017696e+001	1.037720e+000
4.143300e+000	1.018756e+001	1.041060e+000
4.153900e+000	1.016506e+001	1.044300e+000
4.164700e+000	1.018206e+001	1.047540e+000
4.176900e+000	1.017146e+001	1.051190e+000
4.186700e+000	1.016656e+001	1.054290e+000
4.196200e+000	1.017196e+001	1.057830e+000
4.206500e+000	1.018016e+001	1.061330e+000
4.217000e+000	1.018166e+001	1.064710e+000
4.227300e+000	1.019376e+001	1.068350e+000
4.238900e+000	1.019086e+001	1.071980e+000
4.250600e+000	1.018096e+001	1.075700e+000
4.261000e+000	1.019006e+001	1.079370e+000
4.273300e+000	1.018186e+001	1.083140e+000
4.284500e+000	1.019086e+001	1.086970e+000
4.295000e+000	1.018136e+001	1.090630e+000
4.306600e+000	1.020056e+001	1.094380e+000
4.319100e+000	1.017606e+001	1.098300e+000
4.327000e+000	1.018916e+001	1.102190e+000
4.340000e+000	1.018966e+001	1.106140e+000
4.351100e+000	1.018226e+001	1.110050e+000
4.360500e+000	1.018946e+001	1.113750e+000
4.372500e+000	1.019606e+001	1.117800e+000
4.384100e+000	1.017876e+001	1.121970e+000
4.393800e+000	1.018866e+001	1.125790e+000
4.407900e+000	1.018686e+001	1.130250e+000
4.416500e+000	1.018246e+001	1.133790e+000
4.429200e+000	1.017276e+001	1.138110e+000
4.438800e+000	1.018386e+001	1.141980e+000
4.448100e+000	1.019086e+001	1.145880e+000
4.461400e+000	1.019326e+001	1.149760e+000
4.471200e+000	1.018996e+001	1.154210e+000
4.482700e+000	1.018886e+001	1.158420e+000
4.495000e+000	1.018656e+001	1.162400e+000
4.505100e+000	1.019506e+001	1.166990e+000
4.515400e+000	1.019726e+001	1.171140e+000
4.529400e+000	1.017666e+001	1.175370e+000
4.540300e+000	1.020136e+001	1.180000e+000
4.551100e+000	1.019106e+001	1.184740e+000
4.562700e+000	1.019176e+001	1.189120e+000
4.574300e+000	1.019926e+001	1.193620e+000
4.584700e+000	1.018076e+001	1.198130e+000
4.595800e+000	1.018766e+001	1.202810e+000
4.607000e+000	1.018776e+001	1.207300e+000
4.618700e+000	1.017426e+001	1.212420e+000
4.628200e+000	1.019856e+001	1.216940e+000
4.638900e+000	1.018086e+001	1.221590e+000
4.651900e+000	1.017906e+001	1.226500e+000
4.662500e+000	1.018356e+001	1.231100e+000
4.673200e+000	1.018566e+001	1.236140e+000
4.685800e+000	1.017436e+001	1.241110e+000
4.695100e+000	1.018706e+001	1.245950e+000
4.706400e+000	1.018956e+001	1.251070e+000
4.716300e+000	1.017706e+001	1.256120e+000
4.728500e+000	1.018456e+001	1.261220e+000
4.737900e+000	1.018296e+001	1.265690e+000
4.749000e+000	1.018516e+001	1.271210e+000
4.759400e+000	1.018456e+001	1.276720e+000
4.770100e+000	1.018856e+001	1.282150e+000
4.782500e+000	1.018486e+001	1.288050e+000
4.794300e+000	1.018596e+001	1.293870e+000
4.804700e+000	1.017216e+001	1.299710e+000
4.816400e+000	1.017686e+001	1.305570e+000
4.827400e+000	1.017906e+001	1.311530e+000
4.839700e+000	1.017476e+001	1.318060e+000
4.849100e+000	1.017916e+001	1.323860e+000
4.861500e+000	1.016466e+001	1.330150e+000
4.872500e+000	1.018466e+001	1.336750e+000
4.882500e+000	1.017536e+001	1.343270e+000
4.895300e+000	1.017296e+001	1.350030e+000
4.905400e+000	1.018096e+001	1.356880e+000
4.916900e+000	1.017146e+001	1.363830e+000
4.929300e+000	1.017396e+001	1.370370e+000
4.939100e+000	1.017256e+001	1.377540e+000
4.951700e+000	1.016256e+001	1.385030e+000
4.961600e+000	1.016416e+001	1.391970e+000
4.971900e+000	1.017056e+001	1.399410e+000
4.983200e+000	1.014606e+001	1.406780e+000
4.994600e+000	1.015006e+001	1.413770e+000
5.006200e+000	1.015766e+001	1.420990e+000
5.017400e+000	1.015456e+001	1.428890e+000
5.028000e+000	1.014176e+001	1.436310e+000
5.038000e+000	1.015776e+001	1.444270e+000
5.050000e+000	1.014176e+001	1.452660e+000
5.061600e+000	1.014396e+001	1.461140e+000
5.072500e+000	1.015046e+001	1.469860e+000
5.084900e+000	1.013486e+001	1.478150e+000
5.096100e+000	1.013946e+001	1.487100e+000
5.106400e+000	1.013686e+001	1.495620e+000
5.120400e+000	1.013616e+001	1.504820e+000
5.129200e+000	1.012746e+001	1.513620e+000
5.141400e+000	1.013326e+001	1.522650e+000
5.151900e+000	1.011655e+001	1.532150e+000
5.163400e+000	1.012466e+001	1.541200e+000
5.174300e+000	1.011574e+001	1.550580e+000
5.185100e+000	1.011315e+001	1.560110e+000
5.198900e+000	1.008856e+001	1.569760e+000
5.207300e+000	1.010790e+001	1.579230e+000
5.220800e+000	1.008371e+001	1.588880e+000
5.231900e+000	1.008752e+001	1.598350e+000
5.241200e+000	1.009396e+001	1.608040e+000
5.253300e+000	1.006594e+001	1.618250e+000
5.263700e+000	1.006865e+001	1.627970e+000
5.274300e+000	1.006642e+001	1.637510e+000
5.283700e+000	1.006615e+001	1.646920e+000
5.295900e+000	1.006085e+001	1.656880e+000
5.307600e+000	1.004750e+001	1.666710e+000
5.317800e+000	1.004827e+001	1.677180e+000
5.329600e+000	1.004320e+001	1.687850e+000
5.340900e+000	1.002795e+001	1.698180e+000
5.352100e+000	1.002210e+001	1.708830e+000
5.362100e+000	1.001880e+001	1.719540e+000
5.374300e+000	1.001349e+001	1.730210e+000
5.385700e+000	1.000661e+001	1.741150e+000
5.397200e+000	1.000014e+001	1.752110e+000
5.408200e+000	1.000431e+001	1.762950e+000
5.420600e+000	9.979520e+000	1.773800e+000
5.432000e+000	9.965240e+000	1.784550e+000
5.442500e+000	9.968790e+000	1.795760e+000
5.454400e+000	9.955880e+000	1.806740e+000
5.464800e+000	9.954070e+000	1.818120e+000
5.477200e+000	9.949210e+000	1.829120e+000
5.487500e+000	9.934510e+000	1.840320e+000
5.500200e+000	9.921490e+000	1.851290e+000
5.512700e+000	9.913360e+000	1.862470e+000
5.523300e+000	9.904830e+000	1.873650e+000
5.533600e+000	9.890260e+000	1.884600e+000
5.545500e+000	9.892370e+000	1.894900e+000
5.555100e+000	9.864270e+000	1.906030e+000
5.566200e+000	9.874580e+000	1.917150e+000
5.578200e+000	9.861710e+000	1.928150e+000
5.588500e+000	9.838460e+000	1.939220e+000
5.601800e+000	9.827430e+000	1.950940e+000
5.614000e+000	9.824480e+000	1.961890e+000
5.625500e+000	9.802190e+000	1.973510e+000
5.635700e+000	9.798820e+000	1.984670e+000
5.647100e+000	9.794500e+000	1.995790e+000
5.658700e+000	9.785090e+000	2.007340e+000
5.672400e+000	9.771620e+000	2.018860e+000
5.679800e+000	9.770990e+000	2.029950e+000
5.692400e+000	9.739490e+000	2.041290e+000
5.705600e+000	9.723220e+000	2.052440e+000
5.714800e+000	9.737310e+000	2.063910e+000
5.726200e+000	9.717670e+000	2.075190e+000
5.739900e+000	9.689030e+000	2.086720e+000
5.747400e+000	9.706970e+000	2.097940e+000
5.760700e+000	9.680060e+000	2.109360e+000
5.771300e+000	9.676430e+000	2.120820e+000
5.781700e+000	9.658750e+000	2.131640e+000
5.795000e+000	9.635630e+000	2.143220e+000
5.805000e+000	9.639530e+000	2.154270e+000
5.816200e+000	9.621440e+000	2.165670e+000
5.827400e+000	9.601950e+000	2.176270e+000
5.837500e+000	9.582670e+000	2.186760e+000
5.847100e+000	9.597570e+000	2.198140e+000
5.859100e+000	9.560970e+000	2.209190e+000
5.871400e+000	9.555940e+000	2.220960e+000
5.881800e+000	9.539250e+000	2.232720e+000
5.894000e+000	9.527210e+000	2.244080e+000
5.904900e+000	9.524350e+000	2.255880e+000
5.917300e+000	9.501220e+000	2.267480e+000
5.930000e+000	9.499460e+000	2.279010e+000
5.940200e+000	9.477320e+000	2.290870e+000
5.951100e+000	9.473500e+000	2.302470e+000
5.963100e+000	9.448440e+000	2.313980e+000
5.974700e+000	9.433870e+000	2.326060e+000
5.984500e+000	9.436550e+000	2.337550e+000
5.997500e+000	9.408000e+000	2.349500e+000
6.009500e+000	9.393540e+000	2.361450e+000
6.020300e+000	9.388920e+000	2.373380e+000
6.032600e+000	9.363800e+000	2.385010e+000
6.044500e+000	9.358320e+000	2.396890e+000
6.055000e+000	9.350690e+000	2.408420e+000
6.067000e+000	9.324250e+000	2.420090e+000
6.077800e+000	9.323090e+000	2.431730e+000
6.088600e+000	9.303000e+000	2.443320e+000
6.100800e+000	9.281580e+000	2.454360e+000
6.112200e+000	9.268130e+000	2.465310e+000
6.123400e+000	9.251590e+000	2.477110e+000
6.133700e+000	9.234760e+000	2.488350e+000
6.145100e+000	9.230410e+000	2.500270e+000
6.156300e+000	9.214640e+000	2.512090e+000
6.169000e+000	9.191690e+000	2.524020e+000
6.181300e+000	9.180610e+000	2.535690e+000
6.192200e+000	9.173420e+000	2.547150e+000
6.205300e+000	9.132240e+000	2.559030e+000
6.214700e+000	9.140280e+000	2.570830e+000
6.225100e+000	9.124550e+000	2.582430e+000
6.237100e+000	9.098740e+000	2.594120e+000
6.250200e+000	9.091380e+000	2.605800e+000
6.261100e+000	9.074690e+000	2.617720e+000
6.271600e+000	9.057490e+000	2.629220e+000
6.283900e+000	9.030070e+000	2.641240e+000
6.294400e+000	9.030100e+000	2.652770e+000
6.306500e+000	9.007390e+000	2.664400e+000
6.318500e+000	8.986710e+000	2.676260e+000
6.330800e+000	8.977120e+000	2.687400e+000
6.340200e+000	8.962180e+000	2.699120e+000
6.352400e+000	8.935450e+000	2.710550e+000
6.364700e+000	8.941350e+000	2.721900e+000
6.374200e+000	8.909290e+000	2.733540e+000
6.385000e+000	8.893190e+000	2.744430e+000
6.395700e+000	8.889440e+000	2.755370e+000
6.407400e+000	8.859250e+000	2.767100e+000
6.418000e+000	8.844350e+000	2.778790e+000
6.428400e+000	8.846760e+000	2.790090e+000
6.442000e+000	8.818630e+000	2.802260e+000
6.453000e+000	8.793260e+000	2.814270e+000
6.463700e+000	8.796360e+000	2.825920e+000
6.475900e+000	8.774340e+000	2.837900e+000
6.486600e+000	8.746000e+000	2.849790e+000
6.498200e+000	8.726330e+000	2.861970e+000
6.510100e+000	8.727400e+000	2.874010e+000
6.522200e+000	8.701410e+000	2.886080e+000
6.533700e+000	8.677010e+000	2.897880e+000
6.545200e+000	8.653010e+000	2.909850e+000
6.557000e+000	8.629830e+000	2.921920e+000
6.569400e+000	8.631170e+000	2.934180e+000
6.580900e+000	8.612750e+000	2.946000e+000
6.590700e+000	8.583990e+000	2.958370e+000
6.602400e+000	8.574520e+000	2.970150e+000
6.614100e+000	8.547340e+000	2.982260e+000
6.625800e+000	8.527010e+000	2.994220e+000
6.638800e+000	8.512020e+000	3.006180e+000
6.649600e+000	8.485110e+000	3.017940e+000
6.660300e+000	8.468600e+000	3.029750e+000
6.671300e+000	8.459390e+000	3.041180e+000
6.683100e+000	8.430630e+000	3.052810e+000
6.694200e+000	8.413050e+000	3.064910e+000
6.706800e+000	8.412840e+000	3.076930e+000
6.718700e+000	8.378120e+000	3.089190e+000
6.730000e+000	8.354070e+000	3.101180e+000
6.742100e+000	8.356150e+000	3.112880e+000
6.753200e+000	8.316960e+000	3.125460e+000
6.764400e+000	8.302540e+000	3.137160e+000
6.776300e+000	8.292020e+000	3.149060e+000
6.786600e+000	8.270500e+000	3.161170e+000
6.798900e+000	8.236800e+000	3.173120e+000
6.811000e+000	8.235130e+000	3.185570e+000
6.821600e+000	8.198740e+000	3.197510e+000
6.834500e+000	8.178920e+000	3.209860e+000
6.847400e+000	8.168490e+000	3.221570e+000
6.857600e+000	8.139010e+000	3.233510e+000
6.869300e+000	8.127090e+000	3.245500e+000
6.882200e+000	8.092940e+000	3.257260e+000
6.893100e+000	8.077230e+000	3.269470e+000
6.904400e+000	8.068470e+000	3.280870e+000
6.914500e+000	8.033450e+000	3.292890e+000
6.927000e+000	8.016820e+000	3.304470e+000
6.936100e+000	8.009460e+000	3.316220e+000
6.947300e+000	7.982430e+000	3.327330e+000
6.959600e+000	7.949200e+000	3.339140e+000
6.970700e+000	7.939310e+000	3.350800e+000
6.981700e+000	7.914070e+000	3.362020e+000
6.993300e+000	7.896100e+000	3.374580e+000
7.005200e+000	7.871030e+000	3.386500e+000
7.017100e+000	7.857620e+000	3.398620e+000
7.030600e+000	7.828150e+000	3.410750e+000
7.039800e+000	7.810150e+000	3.423250e+000
7.052900e+000	7.790480e+000	3.435290e+000
7.063100e+000	7.766490e+000	3.447540e+000
7.074300e+000	7.752660e+000	3.459880e+000
7.087600e+000	7.724610e+000	3.472320e+000
7.096400e+000	7.700380e+000	3.484870e+000
7.108900e+000	7.671420e+000	3.497220e+000
7.122100e+000	7.660480e+000	3.509690e+000
7.133800e+000	7.614610e+000	3.522520e+000
7.146700e+000	7.606740e+000	3.534460e+000
7.156700e+000	7.577780e+000	3.546780e+000
7.168100e+000	7.546810e+000	3.559460e+000
7.179900e+000	7.519220e+000	3.571690e+000
7.193000e+000	7.504310e+000	3.584330e+000
7.203900e+000	7.473200e+000	3.596200e+000
7.213700e+000	7.462080e+000	3.608050e+000
7.225400e+000	7.444650e+000	3.620040e+000
7.237300e+000	7.405460e+000	3.632190e+000
7.249000e+000	7.387310e+000	3.644630e+000
7.261200e+000	7.361140e+000	3.656790e+000
7.274100e+000	7.323770e+000	3.669060e+000
7.285600e+000	7.293670e+000	3.681890e+000
7.297100e+000	7.277040e+000	3.694140e+000
7.308100e+000	7.237320e+000	3.706800e+000
7.320300e+000	7.194910e+000	3.719240e+000
7.332500e+000	7.154760e+000	3.732390e+000
7.343800e+000	7.038680e+000	3.747200e+000
7.356500e+000	6.015390e+000	3.795570e+000
7.372400e+000	5.416690e+000	3.828780e+000
7.385900e+000	4.818230e+000	3.862220e+000
