2.383636e-11 2.632848e+03
4.754852e-11 2.532224e+03
9.611723e-11 2.427505e+03
1.968941e-10 2.327130e+03
3.875810e-10 2.267652e+03
7.528787e-10 2.159666e+03
1.932857e-09 2.050338e+03
1.526610e-07 1.455957e+03
2.965450e-07 1.393444e+03
5.760407e-07 1.333615e+03
1.195782e-06 1.265995e+03
2.385332e-06 1.197859e+03
4.162076e-06 1.161800e+03
4.695466e-06 1.137098e+03
8.813728e-06 1.086787e+03
1.173867e-05 1.051643e+03
1.723478e-05 1.019914e+03
3.437976e-05 9.447234e+02
6.678290e-05 8.679404e+02
1.184521e-04 7.988900e+02
1.332178e-04 7.909129e+02
2.475285e-04 7.103633e+02
3.264763e-04 6.885212e+02
4.713427e-04 6.295602e+02
9.981284e-04 5.690303e+02
1.951788e-03 4.762542e+02
3.867639e-03 4.200218e+02
6.652842e-03 3.627711e+02
9.605115e-03 3.374906e+02
1.362821e-02 2.972428e+02
2.543897e-02 2.524635e+02
5.495409e-02 2.048450e+02
1.025795e-01 1.531492e+02
1.178888e-01 1.633191e+02
1.966328e-01 1.283882e+02
2.320612e-01 1.162597e+02
4.629131e-01 8.692215e+01
4.981539e-01 7.993241e+01
9.357584e-01 6.456440e+01
1.163337e+00 5.568077e+01
1.842016e+00 4.521504e+01
2.351634e+00 3.724889e+01
3.674435e+00 3.044596e+01
4.691014e+00 2.625708e+01
5.528871e+00 2.792415e+01
9.234141e+00 1.924964e+01
9.308893e+00 1.828532e+01
1.147718e+01 1.825785e+01
1.866641e+01 1.472548e+01
2.414356e+01 1.347344e+01
3.061891e+01 1.398026e+01
3.723555e+01 1.167720e+01
4.816131e+01 1.051104e+01
6.332163e+01 9.815817e+00
9.064911e+01 9.140323e+00
9.607165e+01 8.500368e+00
1.257718e+02 7.703552e+00
1.916427e+02 7.172917e+00
2.686399e+02 6.316362e+00
4.727867e+02 6.133002e+00
5.166263e+02 5.388850e+00
1.051299e+03 4.803235e+00
1.127219e+03 4.581472e+00
2.248564e+03 4.320744e+00
2.534588e+03 4.350209e+00
4.575654e+03 4.094928e+00
9.188271e+03 4.036241e+00
1.796718e+04 3.933070e+00
3.631986e+04 3.921347e+00
8.900893e+04 3.747200e+00
